,age1,age2,age3,age4,wife_ed1,wife_ed2,wife_ed3,wife_ed4,husb_ed1,husb_ed2,husb_ed3,husb_ed4,no_kids1,no_kids2,no_kids3,no_kids4,wife_rel0,wife_rel1,wife_works0,wife_works1,husb_occupation1,husb_occupation2,husb_occupation3,husb_occupation4,SOL_index1,SOL_index2,SOL_index3,SOL_index4,media_exp0,media_exp1,class
0,0,1,0,0,0,1,0,0,0,0,1,0,1,1,1,1,1,1,1,1,0,1,0,1,0,1,1,0,1,0,1
1,0,0,0,1,1,0,0,0,0,0,1,0,1,0,1,0,1,1,1,1,0,0,1,0,0,1,0,1,1,0,1
2,0,0,0,1,0,1,0,0,0,0,1,0,1,0,1,0,1,1,1,1,0,0,1,0,1,0,0,1,1,1,1
3,0,0,0,1,0,1,1,0,0,1,0,0,1,0,1,0,1,1,1,1,1,1,1,1,0,0,1,0,1,1,1
4,1,1,1,0,0,0,1,0,0,0,1,0,1,1,1,1,1,1,1,1,0,0,1,0,0,1,0,0,1,0,1
5,1,0,1,0,0,0,0,1,1,0,1,1,1,1,1,1,1,1,1,1,0,0,1,0,0,0,1,0,1,0,1
6,1,0,1,0,0,1,0,0,0,0,1,0,1,0,1,0,1,1,0,1,0,0,1,0,0,1,0,0,1,0,1
7,1,1,1,0,0,0,1,0,0,0,1,0,1,1,1,1,1,1,1,1,0,0,1,0,0,1,0,0,1,0,1
8,1,1,0,0,1,1,0,0,0,0,1,0,1,1,1,1,1,1,1,1,0,0,1,0,0,0,0,1,1,0,1
9,0,0,0,1,1,0,0,1,1,0,1,1,1,0,1,0,1,1,1,1,0,1,0,1,0,1,0,1,0,1,1
10,0,0,1,0,1,0,0,1,1,0,1,1,1,1,1,1,1,1,1,0,0,1,1,1,0,1,1,0,0,1,1
11,0,0,0,1,1,0,0,0,1,0,0,1,0,1,0,1,1,1,1,1,1,0,0,0,0,1,1,1,1,0,1
12,0,0,0,1,0,0,0,1,1,0,1,1,1,1,1,1,1,1,1,1,1,1,1,1,0,1,1,1,1,0,1
13,0,0,0,1,0,1,1,0,0,0,0,1,0,1,0,1,1,1,1,1,0,1,1,1,0,1,1,1,1,0,1
14,1,1,1,0,0,0,1,0,0,0,0,1,1,1,1,1,1,1,1,1,0,1,0,1,0,0,1,0,1,0,1
15,1,1,0,0,1,1,0,0,1,0,0,1,1,0,1,0,1,1,1,1,0,1,0,1,1,0,0,0,1,0,1
16,0,0,0,1,1,0,0,0,1,0,1,0,1,0,1,0,1,1,1,1,0,1,0,1,0,1,1,1,1,0,1
17,0,0,1,0,0,1,0,0,0,1,0,0,1,0,1,1,1,1,1,1,0,1,0,1,1,0,0,1,1,1,1
18,0,0,1,0,0,1,0,0,0,1,0,0,1,0,1,1,1,1,0,1,0,1,0,1,0,0,1,0,1,0,1
19,1,1,1,0,0,1,0,0,1,0,1,1,1,1,1,1,1,1,0,1,0,1,1,1,1,0,0,1,0,1,1
20,1,1,1,0,0,0,1,0,1,0,0,1,1,1,1,1,1,1,1,1,0,1,0,1,1,0,0,0,1,0,1
21,0,1,0,0,0,0,1,0,0,0,0,1,1,0,1,0,1,1,1,1,0,0,1,0,1,0,0,0,1,0,1
22,0,0,0,1,0,0,0,1,1,0,1,1,1,1,1,1,1,1,1,1,1,1,1,1,0,1,1,1,1,0,1
23,0,0,1,0,0,0,0,1,1,0,1,1,1,1,1,1,1,1,1,1,1,0,0,0,0,1,1,1,1,0,1
24,0,0,0,1,0,0,0,1,1,0,1,1,1,1,1,1,1,1,1,1,1,1,1,1,0,1,1,1,1,0,1
25,0,0,0,1,0,1,1,0,0,0,0,1,1,0,1,0,1,1,1,1,0,0,1,0,0,0,1,0,1,0,1
26,0,0,1,0,0,0,0,1,1,0,1,1,1,1,1,1,1,1,1,1,1,0,0,0,0,1,1,1,1,0,1
27,1,1,0,0,0,0,0,1,1,0,1,1,1,1,1,1,1,1,1,1,1,0,0,0,0,0,0,1,1,0,1
28,1,1,0,0,0,0,0,1,1,0,1,1,1,1,1,1,1,1,1,0,0,1,0,1,0,1,0,0,1,0,1
29,0,0,0,1,1,0,0,1,0,1,0,0,1,0,1,0,1,1,1,1,1,1,0,1,1,1,1,1,1,1,1
30,0,0,1,0,0,0,1,0,1,0,1,1,1,1,1,1,1,1,1,1,1,0,0,0,1,0,0,1,1,1,1
31,1,1,1,0,0,0,0,1,1,0,1,1,1,1,1,1,1,1,1,1,0,0,1,0,0,1,0,0,1,0,1
32,1,1,0,0,1,1,0,0,1,0,1,1,1,1,1,1,1,1,1,1,1,0,0,0,0,1,0,0,1,0,1
33,0,0,1,0,1,1,0,1,0,1,0,0,0,1,0,1,1,1,1,1,0,0,1,0,1,0,0,1,1,0,1
34,0,1,0,0,0,1,0,0,0,0,1,0,1,1,1,1,1,1,1,1,0,0,1,0,0,0,1,0,1,0,1
35,0,0,0,1,1,0,0,1,1,0,1,1,1,0,1,0,1,1,1,1,0,0,1,0,0,1,0,1,0,1,1
36,0,0,0,1,1,0,0,1,0,1,0,0,1,0,1,0,1,1,1,1,0,0,1,0,1,0,0,0,1,1,1
37,1,1,1,0,0,0,1,0,0,0,1,0,1,1,1,1,1,1,1,1,0,0,1,0,0,1,0,0,1,0,1
38,0,0,0,1,0,1,1,0,0,1,0,0,0,1,0,1,1,1,0,1,1,1,1,1,1,1,0,1,1,1,1
39,1,1,1,0,1,1,0,1,0,1,0,0,0,1,0,0,1,1,1,1,0,1,0,1,0,1,1,1,1,0,1
40,1,1,1,0,1,1,0,0,1,0,0,1,1,1,1,1,1,1,1,1,0,0,1,0,1,0,0,0,1,0,1
41,0,0,0,1,0,1,1,0,1,0,1,1,1,0,1,0,1,1,1,1,1,0,0,0,0,1,1,1,1,1,1
42,0,0,0,1,0,1,1,0,1,0,1,1,0,1,0,1,1,1,1,1,1,0,0,0,1,1,1,1,1,1,1
43,0,0,0,1,0,0,0,1,1,0,1,1,1,1,1,1,1,1,1,1,1,1,1,1,0,1,1,1,1,0,1
44,0,1,0,0,1,1,0,1,0,1,0,0,1,1,1,1,1,1,1,1,0,0,1,0,0,1,1,0,1,0,1
45,1,1,1,0,1,1,0,0,1,0,0,1,0,1,0,1,1,1,1,1,0,1,0,1,1,0,0,0,1,0,1
46,1,1,1,0,0,0,0,1,1,0,1,1,1,1,1,1,1,1,1,1,0,1,0,1,0,0,1,0,1,0,1
47,0,0,0,1,0,0,0,1,1,0,1,1,1,1,1,1,1,1,1,1,1,1,1,1,0,1,1,1,1,0,1
48,1,1,0,0,0,0,0,1,1,0,1,1,1,1,1,1,1,1,1,1,1,0,0,0,0,0,0,1,1,0,1
49,1,1,0,0,0,0,0,1,1,0,1,1,1,1,1,1,1,1,1,1,1,0,0,0,0,0,0,1,1,0,1
50,0,0,1,0,0,0,0,1,1,0,1,1,1,1,1,1,1,1,1,1,1,0,0,0,0,1,1,1,1,0,1
51,0,0,0,1,0,0,0,1,1,0,1,1,1,1,1,1,1,1,1,1,1,1,1,1,0,1,1,1,1,0,1
52,0,0,0,1,0,1,1,0,0,0,0,1,1,0,1,0,1,1,1,1,0,0,1,0,0,0,1,0,1,0,1
53,1,1,1,0,0,0,0,1,1,0,1,1,1,1,1,1,1,1,1,1,0,1,0,1,0,0,1,0,1,0,1
54,0,0,1,0,0,1,0,0,1,0,0,1,1,0,1,0,1,1,1,1,0,1,1,1,0,0,1,0,1,0,1
55,1,1,0,0,1,1,0,1,0,1,0,0,0,1,0,0,1,1,1,1,0,1,0,1,0,1,1,1,0,1,1
56,0,0,0,1,0,0,0,1,1,0,1,1,1,1,1,1,1,1,1,1,1,1,1,1,0,1,1,1,1,0,1
57,1,1,1,0,0,0,1,0,1,0,0,1,1,1,1,1,1,1,1,1,0,1,0,1,1,0,0,0,1,0,1
58,1,1,0,0,1,1,0,0,0,0,1,0,1,1,1,1,1,1,1,1,0,0,1,0,0,0,0,1,1,0,1
59,0,0,0,1,0,0,0,1,1,0,1,1,1,1,1,1,1,1,1,1,1,1,1,1,0,1,1,1,1,0,1
60,0,0,0,1,0,1,1,0,1,0,1,0,1,0,1,0,1,1,0,1,0,0,1,0,0,1,1,0,1,0,1
61,0,1,0,0,0,1,0,0,0,0,1,0,1,1,1,1,1,1,1,1,0,1,0,1,0,1,1,0,1,0,1
62,0,0,0,1,1,0,0,1,0,1,0,0,0,1,0,1,1,1,1,1,1,0,0,0,1,1,1,1,1,1,1
63,1,1,1,0,1,1,0,0,0,0,1,0,1,1,1,1,1,1,1,1,0,1,0,1,1,0,0,0,1,0,1
64,1,1,0,0,1,1,0,0,1,0,1,1,1,1,1,1,1,1,1,1,1,0,0,0,0,0,1,0,1,0,1
65,1,1,1,0,1,1,0,0,1,0,0,1,1,1,1,1,1,1,1,1,0,0,1,0,1,0,0,0,1,0,1
66,0,0,0,1,1,0,0,1,0,1,0,0,1,0,1,0,1,1,1,1,0,0,1,0,0,0,1,0,1,0,1
67,1,1,1,0,1,1,0,0,0,0,1,0,1,1,1,1,1,1,1,1,0,0,1,0,1,0,0,0,1,0,1
68,0,1,0,0,0,0,1,0,0,0,0,1,1,1,1,1,1,1,1,1,0,0,1,0,0,0,0,1,1,0,1
69,0,1,0,0,0,0,0,1,1,0,1,1,1,1,1,1,1,1,1,1,0,0,1,0,0,0,1,0,1,0,1
70,0,0,0,1,0,1,0,0,1,0,1,0,0,1,0,1,0,1,0,1,0,1,1,1,0,1,1,1,1,0,1
71,0,0,0,1,0,1,1,0,1,0,1,1,1,0,1,0,1,1,1,1,1,0,0,0,0,1,1,1,1,1,1
72,1,1,1,0,1,1,0,1,1,0,1,1,1,1,1,1,1,1,1,1,1,0,0,0,1,0,0,0,1,1,1
73,1,1,0,0,1,1,0,0,1,0,1,1,1,1,1,1,1,1,1,1,1,0,0,0,0,1,0,0,1,0,1
74,1,1,1,0,0,0,1,0,0,0,0,1,1,1,1,1,1,1,1,1,0,1,0,1,0,0,1,0,1,0,1
75,1,1,1,0,0,0,1,0,0,0,0,1,1,1,1,1,1,1,1,1,0,1,0,1,0,0,1,0,1,0,1
76,1,1,0,0,0,0,0,1,1,0,1,1,1,1,1,1,1,1,1,1,0,1,1,1,0,0,0,1,1,0,1
77,0,0,0,1,0,1,1,0,1,0,1,1,0,1,0,1,1,1,1,1,1,0,0,0,1,1,1,1,1,1,1
78,1,0,1,0,0,1,0,0,0,0,1,0,0,1,0,1,1,1,1,1,0,0,1,0,0,1,0,0,1,0,1
79,0,0,1,0,0,0,0,1,1,0,1,1,1,1,1,1,1,1,1,1,1,0,0,0,0,1,1,1,1,0,1
80,1,1,0,0,0,0,0,1,1,0,1,1,1,1,1,1,1,1,1,1,1,0,0,0,0,0,0,1,1,0,1
81,0,0,0,1,0,0,0,1,1,0,1,1,1,1,1,1,1,1,1,1,1,1,1,1,0,1,1,1,1,0,1
82,1,1,1,0,1,1,0,0,1,0,0,1,1,1,1,1,1,1,1,1,0,1,0,1,0,0,0,1,1,0,1
83,1,1,0,0,0,0,0,1,1,0,1,1,1,1,1,1,1,1,1,1,1,0,0,0,0,0,0,1,1,0,1
84,0,0,1,0,0,0,0,1,1,0,1,1,1,1,1,1,1,1,1,1,1,0,0,0,0,1,1,1,1,0,1
85,0,0,1,0,0,0,0,1,1,0,1,1,1,1,1,1,1,1,1,1,1,0,0,0,0,1,1,1,1,0,1
86,1,1,0,0,0,0,0,1,1,0,1,1,1,1,1,1,1,1,1,1,1,0,0,0,0,0,1,0,1,0,1
87,0,0,1,0,0,0,0,1,1,0,1,1,1,1,1,1,1,1,1,1,1,0,0,0,0,1,1,1,1,0,1
88,1,1,0,0,1,1,0,0,1,0,1,1,1,1,1,1,1,1,1,1,1,0,0,0,0,0,0,1,1,0,1
89,1,1,0,0,1,1,0,1,0,1,0,0,0,1,0,0,1,1,1,1,0,1,0,1,1,0,0,0,1,1,1
90,1,1,1,0,1,1,0,0,0,0,1,0,1,1,1,1,1,1,1,1,0,1,0,1,1,0,0,0,1,0,1
91,0,0,0,1,0,1,1,0,1,0,1,1,1,0,1,0,1,1,1,1,1,0,0,0,0,1,1,1,1,1,1
92,1,1,0,0,1,1,0,1,0,1,0,0,0,1,0,0,1,1,1,1,0,1,0,1,1,0,0,0,1,1,1
93,0,0,1,0,1,1,0,1,0,1,0,0,1,1,1,1,1,1,1,1,0,0,1,0,0,1,0,0,1,0,1
94,0,0,0,1,1,0,0,1,0,1,0,0,0,1,0,1,1,1,1,1,1,0,0,0,1,1,1,1,1,1,1
95,0,0,0,1,1,0,0,1,0,0,1,0,1,0,1,0,1,1,1,1,0,1,1,1,0,0,1,0,0,1,1
96,0,0,0,1,0,1,0,0,1,0,1,0,0,1,0,1,0,1,1,0,0,1,0,0,0,1,1,1,1,0,1
97,1,1,0,0,0,0,0,1,1,0,1,1,1,1,1,1,1,1,1,1,0,1,1,1,1,0,0,0,1,0,1
98,1,1,0,0,1,1,0,1,0,1,0,0,1,1,1,1,1,1,1,1,0,0,1,0,1,0,0,1,1,0,1
99,1,1,1,0,1,1,0,0,0,0,1,0,1,1,1,1,1,1,1,1,0,1,0,1,1,0,0,0,1,0,1
100,1,1,1,0,1,0,0,1,0,1,0,0,1,1,1,1,1,1,1,1,0,0,1,0,1,0,0,1,0,1,1
101,1,0,1,0,0,1,0,0,0,0,1,0,1,0,1,0,1,1,1,1,0,1,0,1,0,1,0,0,1,0,1
102,0,1,0,0,0,1,0,0,1,0,0,1,1,1,1,1,1,1,1,1,0,0,1,0,0,1,0,0,1,0,1
103,1,1,1,0,0,0,0,1,1,0,1,1,1,1,1,1,1,1,1,1,0,1,0,1,0,0,1,0,1,0,1
104,0,1,0,0,0,1,0,0,1,0,0,1,1,1,1,1,1,1,1,1,0,0,1,0,0,0,1,0,1,0,1
105,0,0,0,1,0,0,1,0,1,0,1,0,0,1,0,1,0,1,1,1,0,0,1,0,0,1,1,1,1,0,1
106,1,1,1,0,1,1,0,1,1,0,1,1,1,1,1,1,1,1,1,1,1,0,0,0,1,0,0,0,1,1,1
107,0,0,0,1,0,1,1,0,1,0,1,1,0,1,0,1,1,1,1,1,1,0,0,0,1,1,1,1,1,1,1
108,1,1,1,0,1,1,0,0,0,0,1,0,1,1,1,1,1,1,1,1,0,0,1,0,1,0,0,0,1,0,1
109,1,1,1,0,1,1,0,0,0,0,1,0,1,1,1,1,1,1,1,1,0,0,1,0,1,0,0,0,1,0,1
110,0,0,0,1,0,0,0,1,1,0,1,1,1,1,1,1,1,1,1,1,1,1,1,1,0,1,1,1,1,0,1
111,1,1,1,0,0,0,1,0,1,0,1,0,1,1,1,1,1,1,1,1,0,1,0,1,0,1,1,0,1,0,1
112,1,1,0,0,0,0,0,1,1,0,1,1,1,1,1,1,1,1,1,1,1,0,0,0,0,0,0,1,1,0,1
113,0,0,1,0,0,1,0,0,0,1,0,0,0,1,0,1,1,1,1,1,0,0,1,0,0,0,1,0,1,0,1
114,1,1,1,0,0,0,1,0,1,0,1,1,1,1,1,1,1,1,1,1,1,0,0,0,0,0,1,0,1,0,1
115,0,0,1,0,0,0,0,1,1,0,1,1,1,1,1,1,1,1,1,1,1,0,0,0,0,1,1,1,1,0,1
116,1,0,1,0,0,0,0,1,1,0,1,1,1,1,1,1,1,1,1,1,0,0,1,0,0,0,1,0,1,0,1
117,0,0,0,1,0,1,1,0,1,0,1,1,0,1,0,1,1,1,1,1,1,0,0,0,1,1,1,1,1,1,1
118,0,0,0,1,0,0,0,1,1,0,1,1,1,1,1,1,1,1,1,1,1,1,1,1,0,1,1,1,1,0,1
119,0,1,0,0,0,1,0,0,0,0,1,0,1,1,1,1,1,1,1,1,0,0,1,0,0,0,1,0,1,0,1
120,0,0,1,0,1,1,0,1,0,1,0,0,0,1,0,0,1,1,1,1,0,1,0,1,0,1,1,1,0,1,1
121,1,0,1,0,0,1,0,0,0,0,1,0,1,0,1,0,1,1,1,1,0,1,0,1,0,0,1,0,1,0,1
122,1,1,1,0,0,0,1,0,0,0,0,1,1,1,1,1,1,1,1,1,0,0,1,0,0,0,1,0,1,0,1
123,0,1,0,0,0,1,0,0,0,0,1,0,1,1,1,1,1,1,0,1,0,0,1,0,0,1,0,0,1,0,1
124,0,0,0,1,0,1,0,0,1,0,1,0,0,1,0,1,0,1,1,0,0,0,1,1,0,1,1,1,1,0,1
125,1,1,1,0,0,0,1,0,1,0,1,1,1,1,1,1,1,1,1,1,1,0,0,0,0,1,1,0,0,1,1
126,0,0,0,1,0,0,0,1,1,0,1,1,1,1,1,1,1,1,1,1,1,1,1,1,0,1,1,1,1,0,1
127,0,0,1,0,0,1,0,0,1,0,1,1,1,1,1,1,1,1,1,1,0,1,1,1,0,1,1,0,0,1,1
128,0,0,0,1,1,0,0,1,1,0,1,1,0,1,0,1,1,1,1,0,1,1,0,1,0,1,1,1,0,1,1
129,1,1,1,0,0,0,1,0,1,0,1,1,1,1,1,1,1,1,1,1,1,0,0,0,0,0,1,0,1,0,1
130,0,0,0,1,0,1,1,0,1,0,1,1,0,1,0,1,1,1,1,1,0,1,1,1,1,0,0,0,1,1,1
131,0,0,1,0,0,0,0,1,1,0,1,1,1,1,1,1,1,1,1,1,1,0,0,0,0,1,1,1,1,0,1
132,0,0,0,1,1,0,0,1,0,1,0,0,1,0,1,0,1,1,1,1,0,0,1,0,1,0,0,0,1,1,1
133,1,1,0,0,0,0,1,0,1,0,1,1,1,1,1,1,1,1,1,1,0,1,1,1,1,0,0,1,0,1,1
134,1,1,0,0,0,0,0,1,1,0,1,1,1,1,1,1,1,1,1,1,1,0,0,0,0,0,1,0,1,0,1
135,1,1,1,0,0,0,1,0,1,0,1,1,1,1,1,1,1,1,1,1,0,1,0,1,0,0,0,1,1,0,1
136,0,1,0,0,0,0,0,1,1,0,1,1,1,1,1,1,1,1,1,1,0,0,1,0,0,0,1,0,1,0,1
137,1,1,1,0,0,0,1,0,1,0,1,0,1,1,1,1,1,1,1,1,0,1,0,1,0,1,1,0,1,0,1
138,0,0,1,0,0,0,0,1,1,0,1,1,1,1,1,1,1,0,1,1,0,1,1,1,1,0,0,1,1,0,1
139,1,1,0,0,0,0,0,1,1,0,1,1,1,1,1,1,1,1,1,1,1,0,0,0,0,0,0,1,1,0,1
140,0,0,1,0,0,0,0,1,1,0,1,1,1,1,1,1,1,1,1,1,1,0,0,0,0,1,1,1,1,0,1
141,1,0,1,0,0,0,0,1,1,0,1,1,1,1,1,1,1,1,1,1,0,0,1,0,0,0,1,0,1,0,1
142,0,0,0,1,0,0,0,1,1,0,1,1,1,1,1,1,1,1,1,1,1,1,1,1,0,1,1,1,1,0,1
143,1,0,1,0,0,0,0,1,1,0,1,1,1,1,1,1,1,1,1,1,0,0,1,0,0,0,1,0,1,0,1
144,1,1,1,0,1,1,0,0,1,0,0,1,1,1,1,1,1,1,1,1,0,0,1,0,0,0,0,1,1,0,1
145,0,0,1,0,0,0,0,1,1,0,1,1,1,1,1,1,1,1,1,1,1,0,0,0,0,1,1,1,1,0,1
146,0,0,0,1,0,0,0,1,1,0,1,1,1,1,1,1,1,1,1,1,1,1,1,1,0,1,1,1,1,0,1
147,0,0,0,1,0,0,0,1,1,0,1,1,1,1,1,1,1,1,1,1,1,1,1,1,0,1,1,1,1,0,1
148,0,0,1,0,0,0,0,1,1,0,1,1,1,1,1,1,1,1,1,1,1,0,0,0,0,1,1,1,1,0,1
149,0,0,0,1,0,0,0,1,1,0,1,1,1,1,1,1,1,1,1,1,1,1,1,1,0,1,1,1,1,0,1
150,0,0,0,1,0,0,0,1,1,0,1,1,1,1,1,1,1,1,1,1,1,1,1,1,0,1,1,1,1,0,1
151,1,1,1,0,1,0,0,0,0,0,1,0,1,1,1,1,1,1,1,1,0,0,1,0,0,1,0,0,1,0,1
152,0,0,0,1,0,1,1,0,1,0,1,1,0,1,0,1,1,1,1,1,1,0,0,0,1,1,1,1,1,1,1
153,1,1,0,0,0,0,0,1,1,0,1,1,1,1,1,1,1,1,1,1,0,1,1,1,0,0,0,1,1,0,1
154,0,0,0,1,1,0,0,1,0,1,0,0,0,1,0,1,1,1,1,1,0,1,1,1,0,1,1,1,1,0,1
155,0,0,0,1,1,0,0,1,1,0,0,1,1,0,1,0,1,1,1,1,0,1,1,1,0,0,1,0,0,1,1
156,0,0,1,0,0,0,0,1,1,0,1,1,1,1,1,1,0,1,1,1,0,1,1,1,0,0,0,1,1,0,1
157,0,0,1,0,0,1,0,0,1,0,0,1,0,1,0,1,0,1,1,1,0,1,1,1,0,1,0,0,1,0,1
158,0,0,0,1,1,0,0,1,1,0,1,1,1,0,1,0,1,1,1,1,1,0,0,0,0,1,1,1,0,1,1
159,1,1,0,0,1,1,0,1,0,1,0,0,1,1,1,1,1,1,1,1,0,0,1,0,1,0,0,1,1,0,1
160,1,1,1,0,1,0,0,1,1,0,1,1,0,1,0,1,1,1,1,1,0,1,0,1,1,0,0,1,0,1,1
161,0,0,1,0,0,0,0,1,1,0,1,1,1,1,1,1,1,1,1,1,1,0,0,0,0,1,1,1,1,0,1
162,0,0,0,1,1,0,0,0,1,0,1,0,1,0,1,0,1,1,1,1,0,1,0,1,0,1,1,1,1,0,1
163,0,0,0,1,0,0,1,0,1,0,1,0,0,1,0,1,0,1,1,1,0,0,1,0,0,1,1,1,1,0,1
164,1,1,1,0,0,0,0,1,1,0,1,1,1,1,1,1,1,1,1,1,0,1,0,1,0,0,1,0,1,0,1
165,1,1,1,0,0,0,1,0,1,0,1,1,1,1,1,1,1,1,1,1,0,1,0,1,0,0,0,1,1,0,1
166,0,0,0,1,0,1,1,0,1,0,1,1,1,0,1,0,1,1,1,1,1,0,0,0,0,1,1,1,1,1,1
167,1,1,0,0,0,0,0,1,1,0,1,1,1,1,1,1,1,1,1,1,1,0,0,0,0,0,0,1,1,0,1
168,1,1,0,0,0,0,0,1,1,0,1,1,1,1,1,1,1,1,1,1,0,1,1,1,0,0,0,1,1,0,1
169,1,1,1,0,0,0,1,0,1,0,1,1,1,1,1,1,1,1,1,1,0,1,0,1,0,0,0,1,1,0,1
170,0,0,0,1,0,0,0,1,1,0,1,1,1,1,1,1,1,1,1,1,1,1,1,1,0,1,1,1,1,0,1
171,0,0,0,1,0,1,1,0,0,1,0,0,1,0,1,0,1,1,1,1,0,0,1,1,1,0,0,1,1,1,1
172,1,1,1,0,1,1,0,0,1,0,0,1,1,1,1,1,1,1,1,1,0,1,0,1,0,0,0,1,1,0,1
173,1,1,1,0,0,0,1,0,1,0,1,0,1,1,1,1,1,1,1,1,0,0,1,0,0,0,0,1,1,0,1
174,1,1,1,0,0,0,1,0,0,1,0,0,1,1,1,1,1,1,1,1,0,0,1,0,0,1,0,0,1,1,1
175,1,1,1,0,1,1,0,0,1,0,0,1,1,1,1,1,1,1,1,1,0,0,1,0,0,0,0,1,1,0,1
176,1,1,0,0,0,0,0,1,1,0,1,1,1,1,1,1,1,1,1,1,1,0,0,0,0,0,1,0,1,0,1
177,0,0,1,0,1,1,0,0,1,0,1,1,1,1,1,1,1,1,1,1,1,0,0,0,0,1,1,1,1,0,1
178,0,0,0,1,0,1,1,0,0,0,0,1,0,1,0,1,1,1,1,1,0,1,1,1,0,1,1,1,1,0,1
179,0,0,0,1,0,1,0,0,1,0,0,1,1,0,1,0,1,1,1,1,0,1,1,1,1,0,0,1,1,1,1
180,0,0,1,0,0,0,0,1,1,0,1,1,1,1,1,1,1,1,1,1,1,0,0,0,0,1,1,1,1,0,1
181,0,1,0,0,0,1,0,0,1,0,0,1,1,1,1,1,1,1,1,1,0,1,0,1,0,1,0,0,1,0,1
182,0,0,0,1,1,0,0,0,0,0,1,0,0,0,0,1,1,1,1,1,0,1,1,1,0,1,1,1,1,0,1
183,0,0,0,1,0,1,0,0,1,0,1,0,0,1,0,1,0,1,1,0,0,0,1,1,0,1,1,1,1,0,1
184,1,1,1,0,0,0,1,0,0,0,0,1,1,1,1,1,1,1,1,1,0,1,0,1,0,1,0,0,1,0,1
185,0,0,1,0,0,1,0,0,0,0,1,0,0,1,0,1,1,1,1,1,0,0,1,0,0,0,0,1,1,0,1
186,0,1,0,0,0,1,0,0,1,0,0,1,1,1,1,1,1,1,1,1,0,0,1,0,0,1,0,0,1,0,1
187,1,1,1,0,0,1,0,0,1,0,1,1,1,1,1,1,1,1,0,1,0,1,1,1,1,0,0,1,0,1,1
188,1,1,1,0,0,0,1,0,0,0,1,0,1,1,1,1,1,1,1,1,0,0,1,0,0,1,0,0,1,0,1
189,1,1,1,0,0,0,1,0,0,1,0,0,1,1,1,1,1,1,1,1,0,0,1,0,0,1,0,0,1,1,1
190,0,0,1,0,1,1,0,1,0,1,0,0,0,1,0,0,1,1,1,1,0,1,0,1,1,0,0,0,1,1,1
191,1,1,1,0,0,0,1,0,0,0,0,1,1,1,1,1,1,1,1,1,0,0,1,0,0,1,0,0,1,0,1
192,0,0,0,1,1,0,0,1,1,0,1,1,1,1,1,1,1,1,1,1,0,0,1,1,1,0,0,0,1,1,1
193,1,1,1,0,0,0,1,0,0,0,1,0,1,1,1,1,1,1,1,1,0,0,1,0,0,0,1,0,1,0,1
194,1,0,1,0,0,0,1,0,0,0,0,1,1,0,1,0,1,1,1,1,0,0,1,0,1,0,0,0,1,0,1
195,0,0,0,1,1,0,0,1,0,1,0,0,1,0,1,0,1,1,1,1,0,0,1,0,0,1,1,1,0,1,1
196,1,1,0,0,1,1,0,1,0,1,0,0,1,1,1,1,1,1,1,1,0,0,1,0,1,0,0,1,1,0,1
197,1,1,1,0,0,0,1,0,1,0,1,1,1,1,1,1,1,1,1,1,0,1,0,1,0,0,0,1,1,0,1
198,0,0,1,0,1,0,0,0,1,0,1,1,1,0,1,0,1,1,1,1,0,1,0,1,0,1,1,0,1,0,1
199,0,0,1,0,0,1,0,0,1,0,0,1,0,1,0,1,1,1,0,1,0,1,1,1,0,0,1,0,1,0,1
200,0,0,0,1,1,0,0,1,1,0,1,1,0,1,0,1,1,1,0,1,1,1,0,1,0,1,1,1,0,1,1
201,0,1,0,0,0,1,0,0,1,0,0,1,1,1,1,1,1,1,1,1,0,0,1,0,0,0,1,0,1,0,1
202,1,1,1,0,1,1,0,0,1,0,0,1,1,1,1,1,1,1,1,1,0,1,0,1,0,0,0,1,1,0,1
203,0,1,0,0,0,1,0,0,0,0,1,0,1,1,1,1,1,1,1,1,0,0,1,0,0,0,1,0,1,0,1
204,0,0,0,1,0,1,1,0,1,0,1,1,0,1,0,1,1,1,1,1,1,0,0,0,1,1,1,1,1,1,1
205,1,1,1,0,1,1,0,0,0,0,1,0,1,1,1,1,1,1,1,1,0,0,1,0,1,0,0,0,1,0,1
206,1,1,1,0,1,1,0,0,1,0,0,1,1,1,1,1,1,1,1,1,0,0,1,0,1,0,0,0,1,0,1
207,1,1,1,0,0,0,1,0,0,0,0,1,1,1,1,1,1,1,1,1,0,1,0,1,0,0,1,0,1,0,1
208,0,0,1,0,0,0,0,1,1,0,1,1,1,1,1,1,1,1,1,1,1,0,0,0,0,1,1,1,1,0,1
209,1,0,1,0,0,1,0,0,0,0,1,0,0,1,0,1,1,1,1,1,0,0,1,0,0,1,0,0,1,0,1
210,0,0,0,1,0,0,1,0,1,0,1,0,0,1,0,1,1,0,1,1,0,0,1,0,0,1,1,1,1,0,1
211,0,0,0,1,1,0,0,1,0,1,0,0,0,1,0,1,1,1,1,1,0,1,1,1,0,1,1,1,1,0,1
212,1,1,1,0,0,0,1,0,0,0,0,1,1,1,1,1,1,1,1,1,0,0,1,0,0,1,0,0,1,0,1
213,0,0,0,1,1,0,0,0,0,0,1,0,1,0,1,0,1,1,1,1,0,0,1,0,0,1,0,1,1,0,1
214,0,0,0,1,1,0,0,1,1,0,1,1,1,1,1,1,1,1,1,1,0,0,1,1,1,0,0,0,1,1,1
215,1,1,1,0,0,0,1,0,0,0,0,1,1,1,1,1,1,1,1,1,0,1,0,1,0,1,0,0,1,0,1
216,0,0,0,1,0,1,1,0,0,1,0,0,0,1,0,1,1,1,0,1,1,1,1,1,0,0,1,0,1,1,1
217,1,1,1,0,0,0,1,0,0,1,0,0,1,0,1,0,1,1,1,1,1,1,0,1,1,1,1,1,1,1,1
218,1,1,1,0,0,0,1,0,0,1,0,0,0,1,0,1,1,1,1,1,1,1,0,1,1,1,1,1,1,1,1
219,1,1,1,0,0,0,1,0,1,0,1,0,1,1,1,1,1,1,1,1,0,1,0,1,0,1,1,0,1,0,1
220,0,1,0,0,0,1,0,0,0,0,1,0,1,1,1,1,1,1,1,1,0,0,1,0,0,0,1,0,1,0,1
221,1,1,1,0,0,0,1,0,0,0,0,1,1,1,1,1,1,1,1,1,0,0,1,0,0,0,1,0,1,0,1
222,0,0,1,0,1,1,0,1,0,1,0,0,0,1,0,0,1,1,1,1,0,1,0,1,0,1,1,1,0,1,1
223,1,1,0,0,1,0,0,1,0,1,0,0,1,0,1,1,1,1,1,1,0,1,0,1,1,0,0,1,1,1,1
224,0,0,0,1,0,0,0,1,1,0,1,1,1,1,1,1,1,1,1,1,1,1,1,1,0,1,1,1,1,0,1
225,0,0,1,0,0,0,0,1,1,0,1,1,1,1,1,1,1,1,1,1,1,0,0,0,0,1,1,1,1,0,1
226,0,0,1,0,0,0,1,0,1,0,1,1,1,1,1,1,1,1,1,1,1,0,0,0,1,0,0,1,1,1,1
227,0,0,0,1,1,0,0,1,1,0,1,1,0,1,0,1,1,1,0,1,1,1,0,1,0,1,1,1,0,1,1
228,0,0,0,1,1,0,0,0,1,0,1,1,1,0,1,0,1,1,1,1,0,0,1,0,0,0,1,0,1,0,1
229,1,1,1,0,0,0,1,0,0,0,0,1,1,1,1,1,1,1,1,1,0,0,1,0,0,1,0,0,1,0,1
230,0,0,0,1,1,0,0,1,1,0,1,1,0,1,0,1,1,1,1,1,0,0,1,0,0,1,1,1,0,1,1
231,1,1,0,0,1,1,0,0,1,0,1,1,1,1,1,1,1,1,1,1,1,0,0,0,0,0,1,0,1,0,1
232,0,1,0,0,0,0,1,0,0,0,0,1,1,0,1,0,1,1,1,1,0,0,1,0,1,0,0,0,1,0,1
233,1,1,1,0,1,1,0,0,0,0,1,0,1,1,1,1,1,1,1,1,0,1,0,1,0,0,0,1,1,0,1
234,1,1,1,0,1,0,0,1,1,0,1,1,1,0,1,0,1,1,1,0,0,1,1,1,1,0,0,1,0,1,1
235,1,1,0,0,1,1,0,0,0,0,1,0,1,1,1,1,1,1,1,1,0,0,1,0,0,0,0,1,1,0,1
236,1,0,1,0,0,1,0,0,0,0,1,0,1,0,1,0,1,1,1,0,0,0,1,0,0,1,0,0,1,0,1
237,0,1,0,0,0,0,0,1,1,0,1,1,1,1,1,1,1,1,1,1,0,0,1,0,0,0,1,0,1,0,1
238,1,1,1,0,0,0,1,0,0,0,1,0,1,1,1,1,1,1,1,1,0,0,1,0,0,0,1,0,1,0,1
239,1,1,1,0,0,0,1,0,1,0,1,0,1,1,1,1,1,1,1,1,0,1,0,1,0,1,1,0,1,0,1
240,1,1,1,0,0,0,1,0,0,0,0,1,1,1,1,1,1,1,1,1,0,1,0,1,0,0,1,0,1,0,1
241,0,0,0,1,0,0,1,0,1,0,1,0,0,1,0,1,1,1,1,1,0,1,0,1,0,1,1,1,1,0,1
242,0,0,0,1,1,0,0,0,1,0,0,1,0,1,0,1,1,1,1,1,0,1,1,1,0,1,1,0,1,0,1
243,1,1,0,0,0,0,0,1,1,0,1,1,1,1,1,1,1,1,1,1,1,0,0,0,0,0,1,0,1,0,1
244,0,0,1,0,0,0,1,0,1,0,1,1,1,1,1,1,1,1,1,1,1,0,0,0,1,0,0,1,1,1,1
245,0,0,1,0,0,0,0,1,1,0,1,1,1,1,1,1,1,1,1,1,1,0,0,0,0,1,1,1,1,0,1
246,0,0,1,0,0,0,0,1,1,0,1,1,1,1,1,1,1,1,1,1,1,0,0,0,0,1,1,1,1,0,1
247,1,1,0,0,0,0,0,1,1,0,1,1,1,1,1,1,1,1,1,1,1,0,0,0,0,0,0,1,1,0,1
248,1,1,0,0,0,0,0,1,1,0,1,1,1,1,1,1,1,1,1,1,1,0,0,0,0,1,0,0,1,0,1
249,0,0,0,1,0,1,1,0,0,1,0,0,0,1,0,1,0,1,1,0,1,1,1,1,1,1,1,1,1,1,1
250,0,0,1,0,0,0,0,1,1,0,1,1,1,1,1,1,1,1,1,1,1,0,0,0,0,1,1,1,1,0,1
251,1,0,1,0,0,0,0,1,1,0,1,1,1,1,1,1,1,1,1,1,0,0,1,0,0,0,1,0,1,0,1
252,1,1,1,0,0,0,1,0,0,0,1,0,1,1,1,1,1,1,1,1,0,0,1,0,0,1,0,0,1,0,1
253,1,1,0,0,0,0,0,1,1,0,1,1,1,1,1,1,1,1,1,1,1,0,0,0,0,0,0,1,1,0,1
254,0,0,0,1,1,0,0,1,1,0,1,1,0,1,0,1,1,1,1,1,0,0,1,0,0,1,1,1,0,1,1
255,1,0,1,0,0,0,0,1,1,0,1,1,1,1,1,1,1,1,1,1,0,0,1,0,0,0,1,0,1,0,1
256,1,1,1,0,0,0,1,0,1,0,1,1,1,1,1,1,1,1,1,1,0,1,0,1,0,0,0,1,1,0,1
257,0,0,0,1,1,0,0,1,0,1,0,0,1,0,1,0,1,1,1,1,0,0,1,0,0,1,0,1,1,0,1
258,0,0,0,1,0,1,1,0,0,1,0,0,0,1,0,1,0,1,1,0,1,1,1,1,1,1,1,1,1,1,1
259,1,1,1,0,0,0,1,0,1,0,1,0,1,1,1,1,1,1,1,1,0,0,1,0,0,0,0,1,1,0,1
260,0,0,0,1,1,0,0,1,0,1,0,0,1,0,1,0,1,1,1,1,0,0,1,0,0,1,0,1,1,0,1
261,0,0,0,1,1,0,0,0,0,0,1,0,1,0,1,0,1,1,1,1,0,0,1,0,0,1,0,1,1,0,1
262,1,1,1,0,0,0,1,0,1,0,1,1,1,1,1,1,1,1,1,1,0,1,0,1,0,0,0,1,1,0,1
263,1,1,1,0,0,0,1,0,1,0,1,0,1,1,1,1,1,1,1,1,0,1,0,1,0,1,1,0,1,0,1
264,0,0,1,0,0,1,0,0,1,0,0,1,1,0,1,0,0,1,1,1,0,1,1,1,0,1,0,0,1,0,1
265,1,1,0,0,0,0,0,1,1,0,1,1,1,1,1,1,1,1,1,1,1,0,0,0,0,0,1,0,1,0,1
266,0,0,0,1,0,0,1,0,1,0,0,1,1,0,1,0,1,1,1,1,0,1,1,1,1,0,0,1,1,1,1
267,0,0,0,1,0,1,1,0,0,0,0,1,1,0,1,0,1,1,1,1,0,0,1,0,0,1,0,0,1,0,1
268,1,1,1,0,0,0,1,0,1,0,1,0,1,1,1,1,1,1,1,1,0,0,1,0,1,0,0,0,1,0,1
269,0,0,0,1,1,0,0,1,1,0,1,1,1,1,1,1,1,1,1,1,0,0,1,1,1,0,0,0,1,1,1
270,0,0,1,0,0,0,0,1,1,0,1,1,1,1,1,1,1,1,1,1,1,0,0,0,0,1,1,1,1,0,1
271,0,1,0,0,0,0,1,0,0,0,0,1,1,1,1,1,1,1,1,1,0,0,1,0,0,0,0,1,1,0,1
272,1,1,1,0,0,0,1,0,1,0,0,1,1,1,1,1,1,1,1,1,0,1,0,1,1,0,0,0,1,0,1
273,0,0,0,1,0,1,1,0,1,0,1,1,1,0,1,0,1,0,1,1,0,1,0,1,0,1,1,0,1,0,1
274,1,1,1,0,0,0,1,0,0,0,0,1,1,1,1,1,1,1,1,1,0,1,0,1,0,0,1,0,1,0,1
275,1,1,1,0,0,0,1,0,0,0,0,1,1,1,1,1,1,1,1,1,0,1,0,1,0,0,1,0,1,0,1
276,0,0,0,1,0,1,0,0,1,0,0,1,1,0,1,0,1,1,1,1,0,1,1,1,1,0,0,1,1,1,1
277,1,1,1,0,1,1,0,0,0,0,1,0,1,1,1,1,1,1,1,1,0,1,0,1,0,0,0,1,1,0,1
278,0,0,0,1,0,0,1,0,1,0,0,1,1,0,1,0,1,1,1,1,0,1,1,1,1,0,0,1,1,1,1
279,0,0,0,1,0,0,0,1,1,0,1,1,1,1,1,1,1,1,1,1,1,1,1,1,0,1,1,1,1,0,1
280,0,0,0,1,0,1,1,0,1,0,1,0,1,0,1,0,1,1,1,0,0,0,1,0,0,1,1,0,1,0,1
281,1,1,1,0,1,1,0,0,1,0,0,1,1,1,1,1,1,1,1,1,0,0,1,0,1,0,0,0,1,0,1
282,1,1,0,0,0,0,0,1,1,0,1,1,1,1,1,1,1,1,1,1,1,0,0,0,0,0,0,1,1,0,1
283,0,0,0,1,0,0,1,0,0,0,1,0,1,0,1,0,1,1,1,1,0,0,1,0,1,0,0,1,1,1,1
284,1,1,1,0,0,1,0,0,0,0,0,1,1,1,1,1,1,1,1,0,0,1,1,1,1,0,0,1,0,1,1
285,0,0,0,1,0,0,0,1,1,0,1,1,1,1,1,1,1,1,1,1,1,1,1,1,0,1,1,1,1,0,1
286,1,1,0,0,0,0,0,1,1,0,1,1,1,1,1,1,1,1,1,1,1,0,0,0,0,0,0,1,1,0,1
287,0,1,0,0,0,1,0,0,1,0,0,1,1,1,1,1,1,1,1,1,0,0,1,0,0,0,1,0,1,0,1
288,0,1,0,0,0,1,0,0,1,0,0,1,1,1,1,1,1,1,1,1,0,0,1,0,0,1,0,0,1,0,1
289,0,0,1,0,1,0,0,1,1,0,1,1,1,1,1,1,1,1,0,1,0,1,1,1,0,1,1,0,0,1,1
290,1,1,1,0,0,0,0,1,1,0,0,1,1,1,1,1,1,1,0,1,0,1,0,1,0,1,0,0,1,0,1
291,0,0,1,0,0,0,0,1,1,0,1,1,1,1,1,1,1,1,1,1,1,0,0,0,0,1,1,1,1,0,1
292,0,0,0,1,1,0,0,1,0,1,0,0,0,1,0,1,1,1,1,1,0,1,1,1,0,1,1,1,1,0,1
293,0,0,0,1,0,0,0,1,1,0,1,1,1,1,1,1,1,1,1,1,1,1,1,1,0,1,1,1,1,0,1
294,1,1,0,0,0,0,0,1,1,0,1,1,1,1,1,1,1,1,1,1,1,0,0,0,0,0,1,0,1,0,1
295,0,0,0,1,0,1,1,0,1,0,1,1,1,0,1,0,1,1,1,1,1,0,0,0,0,1,1,1,1,1,1
296,0,0,0,1,0,1,1,0,1,0,1,1,1,0,1,0,1,1,1,1,1,0,0,0,0,1,1,1,1,1,1
297,0,0,0,1,0,0,0,1,1,0,1,1,1,1,1,1,1,1,1,1,1,1,1,1,0,1,1,1,1,0,1
298,1,1,0,0,0,0,0,1,1,0,1,1,1,1,1,1,1,1,1,1,1,0,0,0,0,0,0,1,1,0,1
299,1,1,0,0,0,0,0,1,1,0,1,1,1,1,1,1,1,1,1,1,1,0,0,0,0,0,0,1,1,0,1
300,1,1,0,0,1,0,0,1,0,1,0,0,1,0,1,1,1,1,1,1,0,1,0,1,1,0,0,1,1,1,1
301,1,1,0,0,1,1,0,1,0,1,0,0,1,0,1,1,1,1,1,1,0,1,0,1,0,1,1,0,1,0,1
302,1,1,1,0,0,0,1,0,1,0,1,0,1,1,1,1,1,1,1,1,0,0,1,0,0,0,0,1,1,0,1
303,1,1,1,0,1,1,0,0,1,0,0,1,1,1,1,1,1,1,1,1,0,0,1,0,0,0,0,1,1,0,1
304,1,1,0,0,0,0,0,1,1,0,1,1,1,1,1,1,1,1,1,1,0,1,1,1,0,0,0,1,1,0,1
305,0,1,0,0,0,0,0,1,1,0,1,1,1,1,1,1,1,1,1,1,0,0,1,0,0,0,1,0,1,0,1
306,0,0,0,1,1,0,0,1,0,1,0,0,0,1,0,1,1,1,1,1,0,1,1,1,0,1,1,1,1,0,1
307,0,0,1,0,0,0,1,0,1,0,1,1,1,1,1,1,1,1,1,1,1,0,0,0,1,0,0,1,1,1,1
308,1,1,1,0,0,0,1,0,1,0,1,0,1,1,1,1,1,1,1,1,0,1,0,1,0,1,1,0,1,0,1
309,1,1,1,0,0,0,1,0,0,0,0,1,1,1,1,1,1,1,1,1,0,1,0,1,0,0,1,0,1,0,1
310,0,0,0,1,0,1,1,0,0,0,0,1,0,1,0,1,1,1,1,1,0,1,1,1,0,1,1,1,1,0,1
311,1,1,1,0,0,0,1,0,1,0,1,1,1,1,1,1,1,1,1,1,0,1,0,1,0,0,0,1,1,0,1
312,1,1,0,0,1,1,0,1,1,0,1,1,1,1,1,1,1,1,1,1,0,1,1,1,0,1,1,0,0,1,1
313,0,0,0,1,0,0,0,1,1,0,1,1,1,1,1,1,1,1,1,1,1,1,1,1,0,1,1,1,1,0,1
314,0,0,1,0,0,1,0,0,0,1,0,0,1,0,1,0,1,1,1,1,0,0,1,0,0,0,1,0,1,0,1
315,1,1,1,0,1,1,0,0,0,0,1,0,1,1,1,1,1,1,1,1,0,1,0,1,0,0,0,1,1,0,1
316,1,1,0,0,1,0,0,0,1,0,1,1,1,1,1,1,1,1,1,1,0,1,0,1,0,1,1,0,1,0,1
317,1,1,1,0,0,0,1,0,1,0,1,0,1,1,1,1,1,1,1,1,0,0,1,0,0,0,0,1,1,0,1
318,1,1,1,0,0,0,1,0,0,0,0,1,1,1,1,1,1,1,1,1,0,0,1,0,0,0,1,0,1,0,1
319,1,1,1,0,1,1,0,0,0,0,1,0,1,1,1,1,1,1,1,1,0,1,0,1,0,0,0,1,1,0,1
320,0,0,0,1,0,0,0,1,1,0,1,1,1,1,1,1,1,1,1,1,1,1,1,1,0,1,1,1,1,0,1
321,0,0,0,1,1,0,0,0,1,0,0,1,0,1,0,1,1,1,1,1,0,1,1,1,0,0,0,1,1,0,1
322,0,0,0,1,0,1,1,0,1,0,1,1,0,1,0,1,1,1,1,1,1,0,0,0,1,1,1,1,1,1,1
323,1,1,1,0,1,0,0,1,1,0,1,1,1,0,1,0,1,1,1,0,0,1,1,1,1,0,0,1,0,1,1
324,1,1,0,0,0,0,0,1,1,0,1,1,1,1,1,1,1,1,1,1,1,0,0,0,0,0,1,0,1,0,1
325,1,1,1,0,0,0,0,1,1,0,1,1,1,1,1,1,1,1,1,1,0,1,0,1,0,0,1,0,1,0,1
326,0,0,0,1,1,0,0,1,1,0,1,1,0,1,0,1,1,1,1,1,0,0,1,0,0,1,1,1,0,1,1
327,0,0,1,0,0,0,0,1,1,0,1,1,1,1,1,1,1,0,1,1,0,1,1,1,1,0,0,1,1,0,1
328,0,0,0,1,0,0,0,1,1,0,1,1,1,1,1,1,1,1,1,1,1,1,1,1,0,1,1,1,1,0,1
329,1,0,1,0,0,0,1,0,0,0,0,1,0,1,0,1,1,0,0,1,0,0,1,0,0,0,0,1,1,0,1
330,1,1,1,0,0,0,1,0,1,0,1,1,1,1,1,1,1,1,1,1,0,1,0,1,0,0,0,1,1,0,1
331,0,0,1,0,1,0,0,1,0,1,0,0,1,0,1,1,1,1,1,1,0,1,0,1,1,0,0,1,1,1,1
332,1,1,0,0,1,1,0,1,0,1,0,0,1,1,1,1,1,1,1,1,0,0,1,0,1,0,0,1,1,0,1
333,0,0,0,1,0,0,0,1,1,0,1,1,1,1,1,1,1,1,1,1,1,1,1,1,0,1,1,1,1,0,1
334,1,1,0,0,0,0,0,1,1,0,1,1,1,1,1,1,1,1,1,1,0,1,1,1,0,0,0,1,1,0,1
335,1,1,1,0,1,1,0,1,0,1,0,0,1,0,1,1,1,1,1,1,0,1,0,1,0,1,1,0,0,1,1
336,1,0,1,0,0,0,0,1,1,0,1,1,1,1,1,1,1,1,1,1,0,0,1,0,0,0,1,0,1,0,1
337,0,0,1,0,0,0,0,1,1,0,1,1,1,1,1,1,0,1,1,1,0,1,1,1,0,0,0,1,1,0,1
338,1,1,0,0,0,0,0,1,1,0,1,1,1,1,1,1,1,1,1,1,0,1,1,1,0,0,0,1,1,0,1
339,1,1,1,0,0,0,1,0,1,0,0,1,1,1,1,1,1,1,1,1,0,1,0,1,1,0,0,0,1,0,1
340,1,0,1,0,0,1,0,0,0,0,1,0,0,1,0,1,1,1,1,1,0,0,1,0,0,1,0,0,1,0,1
341,0,0,0,1,0,1,1,0,0,0,1,0,1,0,1,0,0,1,1,1,0,1,0,1,0,0,1,0,1,0,1
342,1,1,0,0,0,0,0,1,1,0,1,1,1,1,1,1,1,1,1,1,0,1,1,1,0,0,0,1,1,0,1
343,0,0,0,1,0,1,1,0,0,0,0,1,0,1,0,1,1,1,1,1,0,1,1,1,0,1,1,1,1,0,1
344,0,1,0,0,0,0,0,1,1,0,1,1,1,1,1,1,1,1,1,1,0,0,1,0,0,0,1,0,1,0,1
345,1,1,0,0,0,0,0,1,1,0,1,1,1,1,1,1,1,1,1,1,0,1,1,1,0,0,0,1,1,0,1
346,0,0,1,0,0,0,0,1,1,0,1,1,1,1,1,1,1,0,1,1,0,1,1,1,1,0,0,1,1,0,1
347,0,0,1,0,1,1,0,1,0,1,0,0,1,1,1,1,1,1,1,1,0,0,1,0,0,1,1,0,0,1,1
348,0,1,0,0,1,1,0,1,0,1,0,0,1,1,1,1,1,1,1,1,0,0,1,0,0,1,1,0,1,0,1
349,1,1,1,0,0,0,1,0,1,0,1,0,1,1,1,1,1,1,1,1,0,0,1,0,1,0,0,0,1,0,1
350,1,1,0,0,1,1,0,1,0,1,0,0,1,1,1,1,1,1,1,1,0,0,1,0,1,0,0,1,1,0,1
351,0,0,0,1,1,0,0,1,0,1,0,0,1,0,1,0,1,1,1,1,0,0,1,0,1,0,0,0,1,1,1
352,1,1,1,0,0,1,0,0,0,1,0,0,1,1,1,1,1,1,1,1,0,0,1,0,1,0,0,1,0,1,1
353,0,0,1,0,1,1,0,1,0,1,0,0,0,1,0,0,1,1,1,1,0,1,0,1,1,0,0,0,1,1,1
354,1,0,1,0,0,1,0,0,0,0,1,0,1,0,1,0,1,1,0,1,0,0,1,0,0,1,0,0,1,0,1
355,1,1,0,0,1,1,0,1,0,1,0,0,1,1,1,1,1,1,1,1,0,0,1,0,0,1,1,0,0,1,1
356,1,1,0,0,1,1,0,0,1,0,1,1,1,1,1,1,1,1,1,1,1,0,0,0,0,0,0,1,1,0,1
357,1,1,1,0,1,1,0,0,1,0,0,1,1,1,1,1,1,1,1,1,0,0,1,0,0,0,0,1,1,0,1
358,0,0,0,1,0,1,1,0,1,0,1,1,1,0,1,0,1,1,1,1,1,0,0,0,0,1,1,1,1,1,1
359,1,1,1,0,1,1,0,0,0,0,1,0,1,1,1,1,1,1,1,1,0,1,0,1,0,0,0,1,1,0,1
360,1,1,1,0,0,0,1,0,0,0,0,1,0,1,0,1,1,1,1,1,0,0,1,0,1,0,0,0,1,0,1
361,0,0,0,1,0,0,1,0,1,0,1,0,0,1,0,1,1,1,1,1,0,1,0,1,0,1,1,1,1,0,1
362,0,0,1,0,1,0,0,0,0,0,1,0,1,1,1,1,1,1,1,1,0,0,1,0,0,0,0,1,1,0,1
363,1,1,1,0,1,1,0,0,0,0,1,0,1,1,1,1,1,1,1,1,0,1,0,1,0,0,0,1,1,0,1
364,1,1,1,0,0,0,1,0,0,1,0,0,1,0,1,0,1,1,1,1,1,1,0,1,1,1,1,1,1,1,1
365,1,1,0,0,1,1,0,0,0,0,1,0,1,1,1,1,1,1,1,1,0,0,1,0,0,0,0,1,1,0,1
366,0,0,0,1,0,0,1,0,1,0,1,0,0,1,0,1,1,1,1,1,0,1,0,1,0,1,1,1,1,0,1
367,1,1,1,0,0,0,0,1,1,0,1,1,1,1,1,1,1,1,1,1,0,1,0,1,0,0,1,0,1,0,1
368,1,0,1,0,0,1,0,0,0,0,1,0,1,0,1,0,1,1,1,1,0,0,1,0,0,0,1,0,1,0,1
369,1,1,1,0,0,0,1,0,0,0,1,0,1,1,1,1,1,1,1,1,0,0,1,0,0,0,1,0,1,0,1
370,0,0,1,0,0,0,1,0,1,0,1,1,1,1,1,1,1,1,1,1,1,0,0,0,1,0,0,1,1,1,1
371,1,0,1,0,0,1,0,0,0,0,1,0,0,1,0,1,1,1,1,1,0,1,0,1,0,1,1,0,1,0,1
372,1,0,1,0,0,1,0,0,0,0,1,0,0,1,0,1,1,1,1,1,0,0,1,0,0,1,0,0,1,0,1
373,0,0,1,0,0,0,1,0,1,0,1,1,1,1,1,1,1,1,1,1,1,0,0,0,1,0,0,1,1,1,1
374,0,0,0,1,1,0,0,1,0,0,1,0,1,0,1,0,1,1,1,1,0,1,1,1,0,0,1,0,0,1,1
375,1,1,1,0,0,0,1,0,1,0,1,0,1,1,1,1,1,1,1,1,0,1,0,1,0,1,1,0,1,0,1
376,0,0,0,1,0,1,1,0,1,0,1,1,0,1,0,1,1,1,1,1,0,1,1,1,0,1,1,1,0,1,1
377,0,0,1,0,0,1,0,0,1,0,0,1,1,0,1,0,1,1,1,1,0,1,1,1,0,0,1,0,1,0,1
378,1,0,1,0,0,1,0,0,0,0,1,0,0,1,0,1,1,1,1,1,0,1,0,1,0,1,1,0,1,0,1
379,0,0,0,1,1,0,0,1,0,1,0,0,1,0,1,0,1,1,1,1,0,0,1,0,0,1,1,1,0,1,1
380,1,1,1,0,0,0,1,0,1,0,1,0,1,1,1,1,1,1,1,1,0,1,0,1,0,1,1,0,1,0,1
381,0,0,1,0,0,1,0,0,1,0,0,1,1,1,1,1,1,0,1,1,0,1,0,1,0,1,0,0,1,0,1
382,1,0,1,0,0,1,0,0,0,0,1,0,0,1,0,1,1,1,1,1,0,0,1,0,0,0,1,0,1,0,1
383,1,1,1,0,1,1,0,0,0,0,1,0,1,1,1,1,1,1,1,1,0,1,0,1,1,0,0,0,1,0,1
384,0,0,1,0,0,1,0,0,1,0,0,1,1,0,1,0,1,1,1,1,0,1,1,1,0,0,1,0,1,0,1
385,0,0,1,0,0,0,0,1,1,0,1,1,1,1,1,1,1,1,1,1,1,0,0,0,0,1,1,1,1,0,1
386,0,0,0,1,1,0,0,1,1,0,1,1,0,1,0,1,1,1,1,0,1,1,0,1,0,1,1,1,0,1,1
387,1,1,0,0,0,0,0,1,1,0,1,1,1,1,1,1,1,1,1,1,0,1,1,1,0,0,0,1,1,0,1
388,1,1,1,0,1,1,0,0,1,0,0,1,1,1,1,1,1,1,1,1,0,0,1,0,0,0,0,1,1,0,1
389,1,1,0,0,1,1,0,0,0,0,1,0,1,1,1,1,1,1,1,1,0,0,1,0,0,0,0,1,1,0,1
390,1,0,1,0,0,0,0,1,1,0,1,1,1,1,1,1,1,1,1,1,0,0,1,0,0,0,1,0,1,0,1
391,0,0,1,0,0,0,0,1,1,0,1,1,1,1,1,1,0,1,1,1,0,1,1,1,0,0,0,1,1,0,1
392,0,0,0,1,1,0,0,0,1,0,1,1,1,0,1,0,1,1,1,1,1,0,0,0,0,1,1,1,1,0,1
393,1,1,1,0,0,0,1,0,1,0,1,0,1,1,1,1,1,1,1,1,0,0,1,0,0,0,0,1,1,0,1
394,1,1,0,0,0,0,0,1,1,0,1,1,1,1,1,1,1,1,1,1,0,1,1,1,0,0,0,1,1,0,1
395,0,0,1,0,0,0,0,1,1,0,1,1,1,1,1,1,1,1,1,1,1,0,0,0,0,1,1,1,1,0,1
396,0,0,0,1,1,0,0,0,1,0,1,0,1,0,1,0,1,1,1,1,0,1,0,1,0,1,1,1,1,0,1
397,0,0,0,1,1,0,0,1,1,0,1,1,1,0,1,0,1,1,1,1,0,1,0,1,0,1,0,1,0,1,1
398,1,1,0,0,1,1,0,1,0,1,0,0,1,0,1,1,1,1,1,1,0,1,0,1,0,1,1,0,1,0,1
399,0,0,0,1,1,0,0,1,0,1,0,0,0,1,0,1,1,1,1,1,0,1,1,1,1,0,0,0,1,1,1
400,1,1,1,0,1,0,0,1,0,1,0,0,1,1,1,1,1,1,1,1,0,0,1,0,1,0,0,1,0,1,1
401,0,0,1,0,0,0,1,0,1,0,1,1,1,1,1,1,1,1,1,1,1,0,0,0,1,0,0,1,1,1,1
402,0,0,0,1,0,1,1,0,0,1,0,0,1,0,1,0,1,1,1,1,1,1,1,1,0,1,0,0,1,1,1
403,0,0,0,1,1,0,0,1,0,1,0,0,0,1,0,1,1,1,1,1,0,1,1,1,0,1,1,1,0,1,1
404,1,1,1,0,0,0,1,0,1,0,1,1,1,1,1,1,1,1,1,1,1,0,0,0,0,0,1,0,1,0,1
405,1,1,1,0,0,0,1,0,0,0,1,0,1,1,1,1,1,1,1,1,0,0,1,0,0,0,1,0,1,0,1
406,1,1,1,0,1,1,0,1,0,1,0,0,0,1,0,0,1,1,1,1,0,1,0,1,0,1,1,1,1,0,1
407,0,0,0,1,0,0,1,0,1,0,1,0,0,1,0,1,1,1,1,1,0,1,0,1,0,1,1,1,1,0,1
408,1,1,1,0,0,0,1,0,1,0,1,0,1,1,1,1,1,1,1,1,0,1,0,1,0,1,1,0,1,0,1
409,1,1,1,0,0,0,1,0,1,0,1,1,1,1,1,1,1,1,1,1,0,1,0,1,0,0,0,1,1,0,1
410,0,0,0,1,0,1,0,0,1,0,1,0,0,1,0,1,0,1,1,0,0,1,0,0,0,1,1,1,1,0,1
411,0,0,0,1,0,1,1,0,0,0,0,1,0,1,0,1,1,1,1,1,0,1,1,1,0,1,1,1,1,0,1
412,0,0,0,1,1,0,0,0,1,0,0,1,0,1,0,1,1,1,1,1,0,1,1,1,0,0,0,1,1,0,1
413,1,1,0,0,1,1,0,1,0,1,0,0,1,1,1,1,1,1,1,1,0,0,1,0,1,0,0,1,1,0,1
414,1,1,0,0,1,1,0,0,0,0,1,0,1,1,1,1,1,1,1,1,0,0,1,0,0,0,0,1,1,0,1
415,1,1,1,0,0,0,1,0,1,0,1,0,1,1,1,1,1,1,1,1,0,0,1,0,0,0,0,1,1,0,2
416,0,0,0,1,0,0,0,1,1,0,1,1,1,1,1,1,1,1,1,1,1,1,1,1,0,1,1,1,1,0,2
417,0,0,1,0,0,0,0,1,1,0,1,1,1,1,1,1,1,1,1,1,1,0,0,0,0,1,1,1,1,0,2
418,1,1,0,0,0,0,0,1,1,0,1,1,1,1,1,1,1,1,1,1,1,0,0,0,0,0,0,1,1,0,2
419,1,1,1,0,0,0,1,0,1,0,1,1,1,1,1,1,1,1,1,1,1,0,0,0,0,0,1,0,1,0,2
420,1,1,1,0,0,0,1,0,1,0,1,1,1,1,1,1,1,1,1,1,1,0,0,0,0,0,1,0,1,0,2
421,0,0,0,1,0,1,1,0,0,0,0,1,0,1,0,1,1,1,1,1,0,1,1,1,0,1,1,1,1,0,2
422,0,0,1,0,0,0,0,1,1,0,1,1,1,1,1,1,1,1,1,1,1,0,0,0,0,1,1,1,1,0,2
423,1,1,1,0,1,1,0,0,1,0,0,1,1,1,1,1,1,1,1,1,0,0,1,0,0,0,0,1,1,0,2
424,0,0,0,1,0,1,0,0,0,0,1,0,1,0,1,0,1,1,1,1,0,0,1,0,1,0,0,1,1,1,2
425,0,0,1,0,0,0,0,1,1,0,1,1,1,1,1,1,1,1,1,1,1,0,0,0,0,1,1,1,1,0,2
426,0,0,1,0,0,0,0,1,1,0,1,1,1,1,1,1,1,1,1,1,1,0,0,0,0,1,1,1,1,0,2
427,1,1,1,0,1,1,0,0,1,0,0,1,1,1,1,1,1,1,1,1,0,0,1,0,0,0,0,1,1,0,2
428,1,1,1,0,1,1,0,0,1,0,0,1,1,1,1,1,1,1,1,1,0,0,1,0,0,0,0,1,1,0,2
429,0,0,1,0,0,0,0,1,1,0,1,1,1,1,1,1,1,1,1,1,1,0,0,0,0,1,1,1,1,0,2
430,1,1,0,0,0,0,0,1,1,0,1,1,1,1,1,1,1,1,1,1,1,0,0,0,0,1,0,0,1,0,2
431,1,0,1,0,0,0,1,0,0,0,0,1,0,1,0,1,0,1,1,1,0,0,1,0,0,0,0,1,1,0,2
432,1,1,1,0,0,0,1,0,0,0,0,1,1,1,1,1,1,1,1,1,0,1,0,1,0,0,1,0,1,0,2
433,1,0,1,0,0,0,0,1,1,0,1,1,1,1,1,1,1,1,1,1,0,0,1,0,0,0,1,0,1,0,2
434,1,1,1,0,0,0,1,0,0,0,0,1,1,1,1,1,1,1,1,1,0,0,1,0,0,1,0,0,1,0,2
435,0,0,0,1,0,0,0,1,1,0,1,1,1,1,1,1,1,1,1,1,1,1,1,1,0,1,1,1,1,0,2
436,0,1,0,0,0,1,0,0,1,0,0,1,1,1,1,1,1,1,1,1,0,0,1,0,0,0,1,0,1,0,2
437,1,1,1,0,1,1,0,1,0,1,0,0,0,1,0,0,1,1,1,1,0,1,0,1,0,1,1,1,1,0,2
438,0,1,0,0,0,1,0,0,0,0,1,0,1,1,1,1,1,1,1,1,0,0,1,0,0,0,1,0,1,0,2
439,1,1,1,0,1,1,0,0,1,0,0,1,1,1,1,1,1,1,1,1,0,0,1,0,0,0,0,1,1,0,2
440,0,0,1,0,0,0,0,1,1,0,1,1,1,1,1,1,0,1,1,1,0,1,1,1,0,0,0,1,1,0,2
441,0,0,0,1,0,0,0,1,1,0,1,1,1,1,1,1,1,1,1,1,1,1,1,1,0,1,1,1,1,0,2
442,0,0,0,1,0,0,0,1,1,0,1,1,1,1,1,1,1,1,1,1,1,1,1,1,0,1,1,1,1,0,2
443,0,0,1,0,0,0,0,1,1,0,1,1,1,1,1,1,1,1,1,1,1,0,0,0,0,1,1,1,1,0,2
444,0,0,0,1,0,0,0,1,1,0,1,1,1,1,1,1,1,1,1,1,1,1,1,1,0,1,1,1,1,0,2
445,0,0,1,0,1,1,0,1,0,1,0,0,1,0,1,0,1,1,1,1,0,0,1,0,0,0,0,1,1,0,2
446,0,0,1,0,0,0,0,1,1,0,1,1,1,1,1,1,1,1,1,1,1,0,0,0,0,1,1,1,1,0,2
447,0,0,1,0,0,0,0,1,1,0,1,1,1,1,1,1,1,1,1,1,1,0,0,0,0,1,1,1,1,0,2
448,0,0,1,0,0,0,0,1,1,0,1,1,1,1,1,1,1,1,1,1,1,0,0,0,0,1,1,1,1,0,2
449,1,1,1,0,0,0,1,0,1,0,1,1,1,1,1,1,1,1,1,1,0,1,0,1,0,0,0,1,1,0,2
450,1,1,0,0,0,0,0,1,1,0,1,1,1,1,1,1,1,1,1,1,0,1,1,1,0,0,0,1,1,0,2
451,1,1,0,0,1,1,0,0,1,0,1,1,1,1,1,1,1,1,1,1,1,0,0,0,0,0,1,0,1,0,2
452,1,1,1,0,0,0,1,0,1,0,1,0,1,1,1,1,1,1,1,1,0,0,1,0,1,0,0,0,1,0,2
453,0,0,1,0,0,0,0,1,1,0,1,1,1,1,1,1,1,1,1,1,1,0,0,0,0,1,1,1,1,0,2
454,0,0,1,0,0,0,0,1,1,0,1,1,1,1,1,1,0,1,1,1,0,1,1,1,0,0,0,1,1,0,2
455,1,1,1,0,0,0,1,0,1,0,1,0,1,1,1,1,1,1,1,1,0,0,1,0,0,0,0,1,1,0,2
456,0,0,1,0,0,0,0,1,1,0,1,1,1,1,1,1,1,1,1,1,1,0,0,0,0,1,1,1,1,0,2
457,0,0,0,1,0,0,0,1,1,0,1,1,1,1,1,1,1,1,1,1,1,1,1,1,0,1,1,1,1,0,2
458,0,0,0,1,0,0,0,1,1,0,1,1,1,1,1,1,1,1,1,1,1,1,1,1,0,1,1,1,1,0,2
459,0,0,0,1,0,0,0,1,1,0,1,1,1,1,1,1,1,1,1,1,1,1,1,1,0,1,1,1,1,0,2
460,0,0,1,0,0,0,0,1,1,0,1,1,1,1,1,1,1,1,1,1,1,0,0,0,0,1,1,1,1,0,2
461,0,0,1,0,0,0,0,1,1,0,1,1,1,1,1,1,1,1,1,1,1,0,0,0,0,1,1,1,1,0,2
462,0,0,1,0,0,0,0,1,1,0,1,1,1,1,1,1,1,1,1,1,1,0,0,0,0,1,1,1,1,0,2
463,0,0,1,0,0,0,0,1,1,0,1,1,1,1,1,1,1,1,1,1,1,0,0,0,0,1,1,1,1,0,2
464,0,0,1,0,0,0,0,1,1,0,1,1,1,1,1,1,1,1,1,1,1,0,0,0,0,1,1,1,1,0,2
465,0,0,1,0,0,0,0,1,1,0,1,1,1,1,1,1,1,1,1,1,1,0,0,0,0,1,1,1,1,0,2
466,1,1,1,0,0,0,1,0,1,0,1,1,1,1,1,1,1,1,1,1,0,1,0,1,0,0,0,1,1,0,2
467,0,0,1,0,0,0,0,1,1,0,1,1,1,1,1,1,1,1,1,1,1,0,0,0,0,1,1,1,1,0,2
468,1,1,0,0,1,1,0,1,1,0,1,1,1,1,1,1,1,1,1,1,0,1,1,1,0,1,1,0,0,1,2
469,0,0,0,1,0,1,1,0,1,0,1,1,1,0,1,0,1,1,1,1,1,0,0,0,0,1,1,1,1,1,2
470,0,0,1,0,0,0,0,1,1,0,1,1,1,1,1,1,1,0,1,1,0,1,1,1,1,0,0,1,1,0,2
471,1,0,1,0,0,1,0,0,0,0,1,0,0,1,0,1,1,1,1,1,0,0,1,0,0,0,1,0,1,0,2
472,1,0,1,0,0,0,0,1,1,0,1,1,1,1,1,1,1,1,1,1,0,0,1,0,0,0,1,0,1,0,2
473,0,0,1,0,0,0,0,1,1,0,1,1,1,1,1,1,1,1,1,1,1,0,0,0,0,1,1,1,1,0,2
474,0,0,0,1,0,0,0,1,1,0,1,1,1,1,1,1,1,1,1,1,1,1,1,1,0,1,1,1,1,0,2
475,0,0,1,0,0,0,0,1,1,0,1,1,1,1,1,1,1,1,1,1,1,0,0,0,0,1,1,1,1,0,2
476,0,0,0,1,0,0,0,1,1,0,1,1,1,1,1,1,1,1,1,1,1,1,1,1,0,1,1,1,1,0,2
477,1,1,0,0,0,0,0,1,1,0,1,1,1,1,1,1,1,1,1,1,1,0,0,0,0,0,0,1,1,0,2
478,0,0,0,1,0,0,0,1,1,0,1,1,1,1,1,1,1,1,1,1,1,1,1,1,0,1,1,1,1,0,2
479,0,0,0,1,0,0,0,1,1,0,1,1,1,1,1,1,1,1,1,1,1,1,1,1,0,1,1,1,1,0,2
480,1,1,1,0,0,0,0,1,1,0,1,1,1,1,1,1,1,1,1,1,0,1,0,1,0,0,1,0,1,0,2
481,0,0,1,0,1,0,0,1,1,0,1,1,1,1,1,1,1,1,1,0,0,1,1,1,0,1,1,0,0,1,2
482,1,1,1,0,0,0,0,1,1,0,1,1,1,1,1,1,1,1,1,1,0,0,1,0,0,1,0,0,1,0,2
483,1,1,1,0,0,0,1,0,1,0,1,1,1,1,1,1,1,1,1,1,1,0,0,0,0,0,1,0,1,0,2
484,1,1,1,0,0,0,1,0,0,0,1,0,1,1,1,1,1,1,1,1,0,0,1,0,0,0,1,0,1,0,2
485,0,0,0,1,0,1,1,0,0,0,0,1,0,1,0,1,1,1,1,1,0,1,1,1,0,1,1,1,1,0,2
486,1,0,1,0,0,0,0,1,1,0,1,1,1,1,1,1,1,1,1,1,0,0,1,0,0,0,1,0,1,0,2
487,0,0,0,1,0,0,0,1,1,0,1,1,1,1,1,1,1,1,1,1,1,1,1,1,0,1,1,1,1,0,2
488,1,1,1,0,0,0,1,0,0,0,1,0,1,1,1,1,1,1,1,1,0,0,1,0,0,1,0,0,1,0,2
489,0,1,0,0,0,0,1,0,0,0,0,1,1,1,1,1,1,1,1,1,0,0,1,0,0,0,0,1,1,0,2
490,0,1,0,0,0,0,0,1,1,0,1,1,1,1,1,1,1,1,1,1,0,0,1,0,0,0,1,0,1,0,2
491,0,0,0,1,0,0,0,1,1,0,1,1,1,1,1,1,1,1,1,1,1,1,1,1,0,1,1,1,1,0,2
492,0,0,1,0,0,0,0,1,1,0,1,1,1,1,1,1,1,1,1,1,1,0,0,0,0,1,1,1,1,0,2
493,0,0,1,0,0,0,0,1,1,0,1,1,1,1,1,1,0,1,1,1,0,1,1,1,0,0,0,1,1,0,2
494,1,1,0,0,0,0,0,1,1,0,1,1,1,1,1,1,1,1,1,1,0,1,1,1,0,0,0,1,1,0,2
495,0,0,0,1,0,0,0,1,1,0,1,1,1,1,1,1,1,1,1,1,1,1,1,1,0,1,1,1,1,0,2
496,0,0,1,0,0,0,0,1,1,0,1,1,1,1,1,1,1,1,1,1,1,0,0,0,0,1,1,1,1,0,2
497,1,1,0,0,0,0,0,1,1,0,1,1,1,1,1,1,1,1,1,1,0,1,1,1,0,0,0,1,1,0,2
498,0,0,0,1,0,0,0,1,1,0,1,1,1,1,1,1,1,1,1,1,1,1,1,1,0,1,1,1,1,0,2
499,1,1,0,0,0,0,0,1,1,0,1,1,1,1,1,1,1,1,1,1,0,1,1,1,0,0,0,1,1,0,2
500,0,0,1,0,1,1,0,0,1,0,0,1,1,0,1,0,1,1,1,1,0,1,0,1,1,0,0,0,1,0,2
501,1,1,0,0,0,0,0,1,1,0,1,1,1,1,1,1,1,1,1,1,1,0,0,0,0,0,1,0,1,0,2
502,0,0,1,0,0,1,0,0,0,0,1,0,1,0,1,0,1,1,1,1,0,0,1,0,0,0,0,1,1,0,2
503,1,1,0,0,0,0,1,0,1,0,1,1,0,1,0,0,1,1,1,1,1,0,0,0,0,1,0,0,1,0,2
504,0,0,0,1,0,1,1,0,1,0,1,1,1,0,1,0,1,1,1,1,1,0,0,0,0,1,1,1,1,1,2
505,0,0,1,0,0,0,0,1,1,0,1,1,1,1,1,1,1,1,1,1,1,0,0,0,0,1,1,1,1,0,2
506,1,1,0,0,0,0,0,1,1,0,1,1,1,1,1,1,1,1,1,1,1,0,0,0,0,1,0,0,1,0,2
507,1,1,1,0,0,0,1,0,1,0,1,1,1,1,1,1,1,1,1,1,1,0,0,0,0,1,1,0,0,1,2
508,1,0,1,0,0,0,0,1,1,0,1,1,1,1,1,1,1,1,1,1,0,0,1,0,0,0,1,0,1,0,2
509,0,0,1,0,0,0,0,1,1,0,1,1,1,1,1,1,1,1,1,1,1,0,0,0,0,1,1,1,1,0,2
510,1,1,0,0,0,0,0,1,1,0,1,1,1,1,1,1,1,1,1,1,1,0,0,0,0,0,0,1,1,0,2
511,1,1,1,0,0,0,1,0,1,0,1,0,1,1,1,1,1,1,1,1,0,0,1,0,0,0,0,1,1,0,2
512,0,0,1,0,0,0,0,1,1,0,1,1,1,1,1,1,1,1,1,1,1,0,0,0,0,1,1,1,1,0,2
513,0,0,1,0,0,0,0,1,1,0,1,1,1,1,1,1,0,1,1,1,0,1,1,1,0,0,0,1,1,0,2
514,0,0,1,0,0,0,0,1,1,0,1,1,1,1,1,1,1,1,1,1,1,0,0,0,0,1,1,1,1,0,2
515,1,0,1,0,0,0,0,1,1,0,1,1,1,1,1,1,1,1,1,1,0,0,1,0,0,0,1,0,1,0,2
516,0,0,1,0,0,0,0,1,1,0,1,1,1,1,1,1,1,0,1,1,0,1,1,1,1,0,0,1,1,0,2
517,0,0,1,0,0,0,0,1,1,0,1,1,1,1,1,1,0,1,1,1,0,1,1,1,0,0,0,1,1,0,2
518,1,1,1,0,0,0,1,0,0,0,0,1,1,1,1,1,1,1,1,1,0,0,1,0,0,0,1,0,1,0,2
519,0,0,0,1,0,1,1,0,0,0,0,1,0,1,0,1,1,1,1,1,0,1,1,1,0,1,1,1,1,0,2
520,1,1,1,0,0,0,1,0,1,0,1,0,1,1,1,1,1,1,1,1,0,1,0,1,0,1,1,0,1,0,2
521,0,0,1,0,0,0,0,1,1,0,1,1,1,1,1,1,1,1,1,1,1,0,0,0,0,1,1,1,1,0,2
522,1,1,1,0,0,0,1,0,1,0,1,0,1,1,1,1,1,1,1,1,0,0,1,0,1,0,0,0,1,0,2
523,1,1,1,0,0,0,1,0,0,0,1,0,1,1,1,1,1,1,1,1,0,0,1,0,0,1,0,0,1,0,2
524,1,1,0,0,0,0,0,1,1,0,1,1,1,1,1,1,1,1,1,1,0,1,1,1,0,0,0,1,1,0,2
525,1,1,1,0,0,0,1,0,1,0,1,1,1,1,1,1,1,1,1,1,0,1,0,1,0,0,0,1,1,0,2
526,1,1,1,0,1,1,0,0,0,0,1,0,1,1,1,1,1,1,1,1,0,1,0,1,1,0,0,0,1,0,2
527,0,0,0,1,0,0,1,0,0,0,1,0,1,0,1,0,1,1,1,1,0,0,1,0,1,0,0,1,1,1,2
528,1,1,0,0,0,0,0,1,1,0,1,1,1,1,1,1,1,1,1,1,1,0,0,0,0,0,1,0,1,0,2
529,0,0,0,1,0,1,1,0,0,1,0,0,1,0,1,0,1,1,1,1,1,1,0,0,1,0,0,1,1,1,2
530,1,1,1,0,0,0,1,0,0,1,0,0,1,1,1,1,1,1,1,1,0,0,1,0,0,1,0,0,1,1,2
531,0,0,0,1,0,1,1,0,0,0,1,0,1,0,1,0,0,1,1,1,0,1,0,1,0,0,1,0,1,0,2
532,0,0,0,1,0,0,0,1,1,0,1,1,1,1,1,1,1,1,1,1,1,1,1,1,0,1,1,1,1,0,2
533,0,0,0,1,0,1,1,0,0,0,0,1,0,1,0,1,1,1,1,1,0,1,1,1,0,1,1,1,1,0,2
534,0,0,0,1,0,0,0,1,1,0,1,1,1,1,1,1,1,1,1,1,1,1,1,1,0,1,1,1,1,0,2
535,0,1,0,0,0,1,0,0,1,0,0,1,1,1,1,1,1,1,1,1,0,0,1,0,0,0,1,0,1,0,2
536,1,1,0,0,0,0,0,1,1,0,1,1,1,1,1,1,1,1,1,1,1,0,0,0,0,0,1,0,1,0,2
537,0,0,1,0,0,0,0,1,1,0,1,1,1,1,1,1,0,1,1,1,0,1,1,1,0,0,0,1,1,0,2
538,1,1,1,0,0,0,1,0,1,0,1,1,1,1,1,1,1,1,1,1,1,0,0,0,0,0,1,0,1,0,2
539,1,1,0,0,0,0,0,1,1,0,1,1,1,1,1,1,1,1,1,1,1,0,0,0,0,0,0,1,1,0,2
540,1,1,1,0,0,0,1,0,1,0,1,0,1,1,1,1,1,1,1,1,0,0,1,0,0,0,0,1,1,0,2
541,1,1,0,0,0,0,0,1,1,0,1,1,1,1,1,1,1,1,1,1,1,0,0,0,0,0,1,0,1,0,2
542,1,1,1,0,0,0,1,0,0,0,0,1,1,1,1,1,1,1,1,1,0,1,0,1,0,1,0,0,1,0,2
543,1,0,1,0,0,0,0,1,1,0,1,1,1,1,1,1,1,1,1,1,0,0,1,0,0,0,1,0,1,0,2
544,1,0,1,0,0,0,0,1,1,0,1,1,1,1,1,1,1,1,1,1,0,0,1,0,0,0,1,0,1,0,2
545,0,0,0,1,0,0,0,1,1,0,1,1,1,1,1,1,1,1,1,1,1,1,1,1,0,1,1,1,1,0,2
546,1,1,0,0,0,0,0,1,1,0,1,1,1,1,1,1,1,1,1,1,1,0,0,0,0,0,0,1,1,0,2
547,1,1,0,0,0,0,0,1,1,0,1,1,1,1,1,1,1,1,1,1,1,0,0,0,0,0,1,0,1,0,2
548,0,0,0,1,0,0,0,1,1,0,1,1,1,1,1,1,1,1,1,1,1,1,1,1,0,1,1,1,1,0,2
549,0,0,0,1,0,1,1,0,1,0,1,1,1,0,1,0,1,1,1,1,1,0,0,0,0,1,1,1,1,1,2
550,1,1,0,0,0,0,0,1,1,0,1,1,1,1,1,1,1,1,1,1,1,0,0,0,0,0,0,1,1,0,2
551,1,0,1,0,0,0,0,1,1,0,1,1,1,1,1,1,1,1,1,1,0,0,1,0,0,0,1,0,1,0,2
552,0,1,0,0,0,0,0,1,1,0,1,1,1,1,1,1,1,1,1,1,0,0,1,0,0,0,1,0,1,0,2
553,0,0,0,1,0,0,0,1,1,0,1,1,1,1,1,1,1,1,1,1,1,1,1,1,0,1,1,1,1,0,2
554,1,1,0,0,0,0,0,1,1,0,1,1,1,1,1,1,1,1,1,1,1,0,0,0,0,0,1,0,1,0,2
555,0,1,0,0,1,1,0,1,0,1,0,0,1,1,1,1,1,1,1,1,0,0,1,0,0,1,1,0,1,0,2
556,1,1,1,0,0,0,1,0,0,0,1,0,1,1,1,1,1,1,1,1,0,0,1,0,0,0,1,0,1,0,2
557,0,0,1,0,0,0,1,0,1,0,1,1,1,1,1,1,1,1,1,1,1,0,0,0,1,0,0,1,1,1,2
558,0,0,1,0,0,0,0,1,1,0,1,1,1,1,1,1,0,1,1,1,0,1,1,1,0,0,0,1,1,0,2
559,1,1,1,0,0,0,0,1,1,0,1,1,1,1,1,1,1,1,1,1,0,0,1,0,0,1,0,0,1,0,2
560,0,0,1,0,0,0,0,1,1,0,1,1,1,1,1,1,1,1,1,1,1,0,0,0,0,1,1,1,1,0,2
561,0,0,0,1,0,1,1,0,1,0,1,1,0,1,0,1,1,1,1,1,1,0,0,0,1,1,1,1,1,1,2
562,0,0,0,1,0,1,1,0,1,0,1,1,1,0,1,0,1,1,1,1,1,0,0,0,0,1,1,1,1,1,2
563,0,0,0,1,0,1,1,0,1,0,1,1,1,0,1,0,1,1,1,1,0,1,1,1,0,1,1,0,0,1,2
564,0,0,0,1,1,0,0,0,1,0,1,1,1,0,1,0,1,1,1,1,0,0,1,0,0,0,1,0,1,0,2
565,1,1,0,0,0,0,0,1,1,0,1,1,1,1,1,1,1,1,1,1,1,0,0,0,0,0,1,0,1,0,2
566,1,1,0,0,0,0,0,1,1,0,1,1,1,1,1,1,1,1,1,1,1,0,0,0,0,0,0,1,1,0,2
567,1,1,1,0,0,0,1,0,0,0,0,1,1,1,1,1,1,1,1,1,0,1,0,1,0,0,1,0,1,0,2
568,0,0,0,1,0,0,1,0,1,0,1,0,0,1,0,1,1,1,1,1,0,1,0,1,0,1,1,1,1,0,2
569,0,0,1,0,0,0,0,1,1,0,1,1,1,1,1,1,1,1,1,1,1,0,0,0,0,1,1,1,1,0,2
570,0,0,1,0,0,0,0,1,1,0,1,1,1,1,1,1,1,0,1,1,0,1,1,1,1,0,0,1,1,0,2
571,1,1,0,0,0,0,0,1,1,0,1,1,1,1,1,1,1,1,1,1,0,1,1,1,1,0,0,0,1,0,2
572,1,1,1,0,0,0,1,0,1,0,1,1,1,1,1,1,1,1,1,1,0,1,0,1,0,0,0,1,1,0,2
573,1,1,1,0,1,1,0,0,0,0,1,0,1,1,1,1,1,1,1,1,0,1,0,1,0,0,0,1,1,0,2
574,0,0,0,1,0,0,0,1,1,0,1,1,1,1,1,1,1,1,1,1,1,1,1,1,0,1,1,1,1,0,2
575,0,0,1,0,0,0,0,1,1,0,1,1,1,1,1,1,1,0,1,1,0,1,1,1,1,0,0,1,1,0,2
576,0,0,0,1,0,0,0,1,1,0,1,1,1,1,1,1,1,1,1,1,1,1,1,1,0,1,1,1,1,0,2
577,0,0,0,1,0,0,0,1,1,0,1,1,1,1,1,1,1,1,1,1,1,1,1,1,0,1,1,1,1,0,2
578,1,1,1,0,0,0,0,1,1,0,1,1,1,1,1,1,1,1,1,1,0,1,0,1,0,0,1,0,1,0,2
579,1,1,0,0,0,0,0,1,1,0,1,1,1,1,1,1,1,1,1,1,1,0,0,0,0,0,1,0,1,0,2
580,0,0,0,1,0,0,0,1,1,0,1,1,1,1,1,1,1,1,1,1,1,1,1,1,0,1,1,1,1,0,2
581,0,0,0,1,0,0,0,1,1,0,1,1,1,1,1,1,1,1,1,1,1,1,1,1,0,1,1,1,1,0,2
582,1,1,0,0,0,0,0,1,1,0,1,1,1,1,1,1,1,1,1,1,1,0,0,0,0,0,1,0,1,0,2
583,1,1,0,0,0,0,0,1,1,0,1,1,1,1,1,1,1,1,1,1,1,0,0,0,0,0,0,1,1,0,2
584,0,0,0,1,0,0,0,1,1,0,1,1,1,1,1,1,1,1,1,1,1,1,1,1,0,1,1,1,1,0,2
585,0,0,1,0,0,0,0,1,1,0,1,1,1,1,1,1,1,1,1,1,1,0,0,0,0,1,1,1,1,0,2
586,1,1,0,0,0,0,0,1,1,0,1,1,1,1,1,1,1,1,1,1,1,0,0,0,0,0,0,1,1,0,2
587,0,0,1,0,0,0,0,1,1,0,1,1,1,1,1,1,0,1,1,1,0,1,1,1,0,0,0,1,1,0,2
588,1,1,0,0,0,0,0,1,1,0,1,1,1,1,1,1,1,1,1,1,0,1,1,1,0,0,0,1,1,0,2
589,0,0,0,1,0,0,0,1,1,0,1,1,1,1,1,1,1,1,1,1,1,1,1,1,0,1,1,1,1,0,2
590,1,1,0,0,0,0,0,1,1,0,1,1,1,1,1,1,1,1,1,1,0,1,1,1,0,0,0,1,1,0,2
591,1,1,1,0,0,0,1,0,0,0,0,1,1,1,1,1,1,1,1,1,0,1,0,1,0,1,0,0,1,0,2
592,1,1,1,0,0,0,1,0,1,0,1,1,1,0,1,1,1,1,1,1,1,0,0,0,0,1,0,0,1,0,2
593,1,1,0,0,0,0,0,1,1,0,1,1,1,1,1,1,1,1,1,1,1,0,0,0,0,0,1,0,1,0,2
594,0,0,0,1,0,0,0,1,1,0,1,1,1,1,1,1,1,1,1,1,1,1,1,1,0,1,1,1,1,0,2
595,0,0,0,1,0,0,0,1,1,0,1,1,1,1,1,1,1,1,1,1,1,1,1,1,0,1,1,1,1,0,2
596,0,0,0,1,0,0,0,1,1,0,1,1,1,1,1,1,1,1,1,1,1,1,1,1,0,1,1,1,1,0,2
597,0,0,0,1,0,0,0,1,1,0,1,1,1,1,1,1,1,1,1,1,1,1,1,1,0,1,1,1,1,0,2
598,0,0,1,0,0,0,0,1,1,0,1,1,1,1,1,1,0,1,1,1,0,1,1,1,0,0,0,1,1,0,2
599,1,1,1,0,0,1,0,0,0,0,0,1,1,1,1,1,1,1,1,0,0,1,1,1,1,0,0,1,0,1,2
600,1,1,1,0,1,1,0,1,0,1,0,0,1,1,1,1,1,0,1,1,1,0,0,0,1,1,1,1,1,1,2
601,0,0,1,0,0,0,0,1,1,0,1,1,1,1,1,1,1,0,1,1,0,1,1,1,1,0,0,1,1,0,2
602,0,0,0,1,0,0,0,1,1,0,1,1,1,1,1,1,1,1,1,1,1,1,1,1,0,1,1,1,1,0,2
603,1,1,0,0,0,0,0,1,1,0,1,1,1,1,1,1,1,1,1,1,1,0,0,0,0,0,0,1,1,0,2
604,0,0,0,1,0,1,1,0,0,0,0,1,0,1,0,1,1,1,1,1,0,1,1,1,0,1,1,1,1,0,2
605,0,0,1,0,0,0,0,1,1,0,1,1,1,1,1,1,1,0,1,1,0,1,1,1,1,0,0,1,1,0,2
606,1,0,1,0,0,0,1,0,0,0,0,1,0,1,0,1,1,0,1,0,0,0,1,0,0,0,0,1,1,0,2
607,1,1,1,0,0,0,1,0,1,0,1,1,1,1,1,1,1,1,1,1,0,1,0,1,0,0,0,1,1,0,2
608,0,0,0,1,0,0,0,1,1,0,1,1,1,1,1,1,1,1,1,1,1,1,1,1,0,1,1,1,1,0,2
609,0,0,0,1,0,1,1,0,0,0,1,0,1,0,1,0,1,1,1,1,0,1,0,1,1,0,0,1,1,1,2
610,0,0,0,1,0,0,0,1,1,0,1,1,1,1,1,1,1,1,1,1,1,1,1,1,0,1,1,1,1,0,2
611,0,0,1,0,0,0,0,1,1,0,1,1,1,1,1,1,1,0,1,1,0,1,1,1,1,0,0,1,1,0,2
612,0,0,1,0,0,0,0,1,1,0,1,1,1,1,1,1,1,0,1,1,0,1,1,1,1,0,0,1,1,0,2
613,0,0,0,1,0,0,0,1,1,0,1,1,1,1,1,1,1,1,1,1,1,1,1,1,0,1,1,1,1,0,2
614,0,0,1,0,0,0,0,1,1,0,1,1,1,1,1,1,1,0,1,1,0,1,1,1,1,0,0,1,1,0,2
615,1,1,1,0,0,0,1,0,1,0,1,1,1,1,1,1,1,1,1,1,0,1,0,1,0,0,0,1,1,0,2
616,0,0,0,1,0,0,0,1,1,0,1,1,1,1,1,1,1,1,1,1,1,1,1,1,0,1,1,1,1,0,2
617,0,0,1,0,1,1,0,1,0,1,0,0,1,0,1,0,1,1,1,1,0,0,1,0,0,0,0,1,1,0,2
618,0,0,1,0,0,0,0,1,1,0,1,1,1,1,1,1,0,1,1,1,0,1,1,1,0,0,0,1,1,0,2
619,0,0,1,0,0,0,0,1,1,0,1,1,1,1,1,1,1,1,1,1,1,0,0,0,0,1,1,1,1,0,2
620,0,0,1,0,0,0,0,1,1,0,1,1,1,1,1,1,1,1,1,1,1,0,0,0,0,1,1,1,1,0,2
621,1,1,1,0,0,0,1,0,1,0,1,0,1,1,1,1,1,1,1,1,0,1,0,1,0,1,1,0,1,0,2
622,0,0,0,1,0,0,0,1,1,0,1,1,1,1,1,1,1,1,1,1,1,1,1,1,0,1,1,1,1,0,2
623,0,0,1,0,0,0,0,1,1,0,1,1,1,1,1,1,1,0,1,1,0,1,1,1,1,0,0,1,1,0,2
624,0,0,0,1,0,0,0,1,1,0,1,1,1,1,1,1,1,1,1,1,1,1,1,1,0,1,1,1,1,0,2
625,0,0,0,1,0,0,0,1,1,0,1,1,1,1,1,1,1,1,1,1,1,1,1,1,0,1,1,1,1,0,2
626,0,0,1,0,0,0,0,1,1,0,1,1,1,1,1,1,1,0,1,1,0,1,1,1,1,0,0,1,1,0,2
627,0,0,0,1,0,0,0,1,1,0,1,1,1,1,1,1,1,1,1,1,1,1,1,1,0,1,1,1,1,0,2
628,0,0,1,0,0,0,0,1,1,0,1,1,1,1,1,1,1,1,1,1,1,0,0,0,0,1,1,1,1,0,2
629,0,0,1,0,0,0,0,1,1,0,1,1,1,1,1,1,1,1,1,1,1,0,0,0,0,1,1,1,1,0,2
630,0,0,0,1,0,0,0,1,1,0,1,1,1,1,1,1,1,1,1,1,1,1,1,1,0,1,1,1,1,0,2
631,0,0,1,0,0,0,0,1,1,0,1,1,1,1,1,1,1,1,1,1,1,0,0,0,0,1,1,1,1,0,2
632,0,0,1,0,0,0,0,1,1,0,1,1,1,1,1,1,1,1,1,1,1,0,0,0,0,1,1,1,1,0,2
633,0,0,0,1,0,0,0,1,1,0,1,1,1,1,1,1,1,1,1,1,1,1,1,1,0,1,1,1,1,0,2
634,1,1,1,0,0,0,1,0,1,0,1,0,1,1,1,1,1,1,1,1,0,0,1,0,0,0,0,1,1,0,2
635,1,1,1,0,0,0,1,0,1,0,1,0,1,1,1,1,1,1,1,1,0,0,1,0,0,0,0,1,1,0,2
636,0,0,1,0,1,1,0,1,0,1,0,0,1,0,1,1,1,1,1,1,0,1,0,1,0,1,0,0,1,0,2
637,1,1,1,0,0,0,1,0,0,1,0,0,1,0,1,0,1,1,1,1,1,1,0,1,1,1,1,1,1,1,2
638,0,0,0,1,1,0,0,1,1,0,1,1,1,0,1,0,1,1,1,1,0,0,1,0,0,1,0,1,0,1,2
639,1,1,1,0,1,1,0,1,1,0,1,1,0,1,0,0,1,1,1,1,1,0,0,0,0,1,1,1,0,1,2
640,1,1,1,0,0,0,1,0,1,0,1,1,1,1,1,1,1,1,1,1,1,0,0,0,0,1,1,0,0,1,2
641,0,0,0,1,0,0,0,1,1,0,1,1,1,1,1,1,1,1,1,1,1,1,1,1,0,1,1,1,1,0,2
642,1,1,1,0,0,0,1,0,1,0,1,0,1,1,1,1,1,1,1,1,0,0,1,0,0,0,0,1,1,0,3
643,1,1,0,0,1,1,0,1,0,1,0,0,1,1,1,1,1,1,1,1,0,0,1,0,1,0,0,1,1,0,3
644,0,0,0,1,0,1,1,0,1,0,1,1,1,0,1,0,1,1,1,1,1,0,0,0,0,1,1,1,1,1,3
645,0,0,1,0,1,1,0,1,0,1,0,0,1,0,1,0,1,1,1,1,0,0,1,0,1,0,0,0,1,0,3
646,1,1,0,0,0,0,0,1,1,0,1,1,1,1,1,1,1,1,1,1,1,0,0,0,0,0,0,1,1,0,3
647,0,0,1,0,0,0,0,1,1,0,1,1,1,1,1,1,1,1,1,1,1,0,0,0,0,1,1,1,1,0,3
648,1,0,0,0,1,1,0,1,0,1,0,0,1,1,1,1,1,1,1,1,0,0,1,0,0,1,1,0,1,0,3
649,1,1,1,0,1,1,0,1,0,1,0,0,0,1,0,0,1,1,1,1,0,1,0,1,0,1,1,1,1,0,3
650,1,1,0,0,1,1,0,0,1,0,1,1,1,1,1,1,1,1,1,1,1,0,0,0,0,0,0,1,1,0,3
651,1,1,1,0,0,0,1,0,0,0,1,0,1,1,1,1,1,1,1,1,0,0,1,0,0,0,1,0,1,0,3
652,1,1,1,0,1,1,0,1,0,1,0,0,0,1,0,0,1,1,1,1,0,1,0,1,0,1,1,1,1,0,3
653,0,0,0,1,0,0,0,1,1,0,1,1,1,1,1,1,1,1,1,1,1,1,1,1,0,1,1,1,1,0,3
654,0,1,0,0,0,1,0,0,1,0,0,1,1,1,1,1,1,1,1,1,0,0,1,0,0,0,1,0,1,0,3
655,1,1,0,0,0,0,0,1,1,0,1,1,1,1,1,1,1,1,1,1,0,1,1,1,0,0,0,1,1,0,3
656,1,1,1,0,0,0,1,0,1,0,1,1,1,1,1,1,1,1,1,1,1,0,0,0,0,0,1,0,1,0,3
657,1,1,1,0,0,0,0,1,1,0,1,1,1,1,1,1,1,1,1,1,0,0,1,0,0,1,0,0,1,0,3
658,1,0,1,0,0,1,0,0,0,0,1,0,1,0,1,0,1,1,1,1,0,1,0,1,0,0,1,0,1,0,3
659,1,1,1,0,0,0,1,0,0,0,1,0,1,1,1,1,1,1,1,1,0,0,1,0,0,0,1,0,1,0,3
660,1,1,1,0,1,1,0,0,0,0,1,0,1,1,1,1,1,1,1,1,0,0,1,0,1,0,0,0,1,0,3
661,0,0,0,1,0,0,0,1,1,0,1,1,1,1,1,1,1,1,1,1,1,1,1,1,0,1,1,1,1,0,3
662,0,0,1,0,0,0,0,1,1,0,1,1,1,1,1,1,0,1,1,1,0,1,1,1,0,0,0,1,1,0,3
663,0,0,1,0,0,0,0,1,1,0,1,1,1,1,1,1,1,1,1,1,1,0,0,0,0,1,1,1,1,0,3
664,1,1,1,0,1,0,0,1,1,0,1,1,0,1,0,1,1,1,1,1,0,1,0,1,1,0,0,1,0,1,3
665,1,0,1,0,0,0,1,0,0,0,0,1,1,0,1,0,1,1,1,1,0,0,1,0,0,0,0,1,1,0,3
666,1,1,1,0,0,0,1,0,1,0,1,1,1,1,1,1,1,1,1,1,0,1,0,1,0,0,0,1,1,0,3
667,1,1,1,0,1,1,0,0,1,0,0,1,1,1,1,1,1,1,1,1,0,1,0,1,0,0,0,1,1,0,3
668,1,1,1,0,1,1,0,0,1,0,0,1,1,1,1,1,1,1,1,1,0,1,0,1,0,0,0,1,1,0,3
669,1,0,1,0,0,1,0,0,0,0,1,0,1,0,1,0,1,1,1,1,0,0,1,0,0,0,1,0,1,0,3
670,1,1,1,0,0,0,1,0,1,0,1,1,1,1,1,1,1,1,1,1,0,1,0,1,0,0,0,1,1,0,3
671,1,1,1,0,1,1,0,0,1,0,0,1,1,1,1,1,1,1,1,1,0,0,1,0,0,0,0,1,1,0,3
672,1,1,1,0,0,0,1,0,0,0,1,0,1,1,1,1,1,1,1,1,0,0,1,0,0,0,1,0,1,0,3
673,0,0,0,1,1,0,0,0,0,0,1,0,0,1,0,0,1,1,1,1,0,1,1,1,0,1,1,1,1,0,3
674,1,1,1,0,0,0,1,0,1,0,1,1,1,1,1,1,1,1,1,1,1,0,0,0,0,0,1,0,1,0,3
675,0,0,0,1,0,0,0,1,1,0,1,1,1,1,1,1,1,1,1,1,1,1,1,1,0,1,1,1,1,0,3
676,0,0,1,0,0,0,0,1,1,0,1,1,1,1,1,1,1,1,1,1,1,0,0,0,0,1,1,1,1,0,3
677,1,1,1,0,0,0,1,0,1,0,1,0,1,1,1,1,1,1,1,1,0,0,1,0,0,0,0,1,1,0,3
678,1,1,0,0,0,0,1,0,1,0,1,1,1,1,1,1,1,1,1,1,1,0,0,0,1,0,0,1,1,1,3
679,0,0,1,0,1,1,0,1,0,1,0,0,0,1,0,0,1,1,1,1,0,1,0,1,1,0,0,0,1,1,3
680,1,1,1,0,1,1,0,0,1,0,0,1,0,1,0,1,1,1,1,1,0,1,0,1,1,0,0,0,1,0,3
681,1,1,1,0,0,0,0,1,0,0,1,0,1,1,1,1,1,1,0,1,0,1,0,1,0,1,0,0,1,0,3
682,0,0,1,0,0,0,0,1,1,0,1,1,1,1,1,1,1,1,1,1,1,0,0,0,0,1,1,1,1,0,3
683,0,0,1,0,0,0,0,1,1,0,1,1,1,1,1,1,1,1,1,1,1,0,0,0,0,1,1,1,1,0,3
684,0,0,0,1,0,0,0,1,1,0,1,1,1,1,1,1,1,1,1,1,1,1,1,1,0,1,1,1,1,0,3
685,1,1,1,0,0,0,1,0,0,0,1,0,1,1,1,1,1,1,1,1,0,0,1,0,0,0,1,0,1,0,3
686,1,1,1,0,0,0,1,0,0,0,1,0,1,1,1,1,1,1,1,1,0,0,1,0,0,0,1,0,1,0,3
687,1,1,1,0,1,1,0,1,1,0,1,1,1,0,1,1,1,1,1,1,1,0,0,0,0,1,1,1,0,1,3
688,0,0,1,0,0,0,0,1,1,0,1,1,1,1,1,1,1,1,1,1,1,0,0,0,0,1,1,1,1,0,3
689,0,0,0,1,0,0,0,1,1,0,1,1,1,1,1,1,1,1,1,1,1,1,1,1,0,1,1,1,1,0,3
690,1,1,1,0,0,0,1,0,0,0,0,1,1,1,1,1,1,1,1,1,0,0,1,0,0,1,0,0,1,0,3
691,0,1,0,0,0,1,0,0,1,0,0,1,1,1,1,1,1,1,1,1,0,0,1,0,0,0,1,0,1,0,3
692,1,1,0,0,0,0,0,1,1,0,1,1,1,1,1,1,1,1,1,1,1,0,0,0,0,0,1,0,1,0,3
693,1,0,1,0,0,1,0,0,0,0,1,0,0,1,0,1,1,1,1,1,0,1,0,1,0,1,1,0,1,0,3
694,1,1,1,0,1,1,0,0,1,0,0,1,1,1,1,1,1,1,1,1,0,0,1,0,0,0,0,1,1,0,3
695,1,1,1,0,0,0,0,1,1,0,1,1,1,1,1,1,1,1,1,1,0,1,0,1,0,0,1,0,1,0,3
696,0,0,0,1,0,0,0,1,1,0,1,1,1,1,1,1,1,1,1,1,1,1,1,1,0,1,1,1,1,0,3
697,1,1,1,0,0,0,1,0,0,0,0,1,1,1,1,1,1,1,1,1,0,0,1,0,0,1,0,0,1,0,3
698,1,1,0,0,0,0,0,1,1,0,1,1,1,1,1,1,1,1,1,1,1,0,0,0,0,0,0,1,1,0,3
699,0,0,1,0,0,0,0,1,1,0,1,1,1,1,1,1,1,1,1,0,0,1,0,1,0,1,0,0,1,0,3
700,1,1,0,0,0,0,0,1,1,0,1,1,1,1,1,1,1,1,1,1,0,1,1,1,1,0,0,0,1,0,3
701,1,0,1,0,0,1,0,0,0,0,1,0,1,0,1,0,1,1,1,1,0,0,1,0,0,0,1,0,1,0,3
702,1,1,1,0,1,1,0,1,0,1,0,0,1,1,1,1,0,1,1,1,1,0,0,0,1,1,1,1,1,1,3
703,1,1,1,0,1,1,0,0,0,0,1,0,1,1,1,1,1,1,1,1,0,1,0,1,1,0,0,0,1,0,3
704,1,1,1,0,0,0,1,0,0,1,0,0,0,1,0,1,1,1,1,1,1,1,0,1,1,1,1,1,1,1,3
705,1,1,1,0,1,1,0,0,0,0,1,0,1,1,1,1,1,1,1,1,0,1,0,1,1,0,0,0,1,0,3
706,1,1,1,0,0,0,1,0,1,0,1,1,1,1,1,1,1,1,1,1,0,1,0,1,0,0,0,1,1,0,3
707,1,1,1,0,0,0,1,0,1,0,1,0,1,1,1,1,1,1,1,1,0,1,0,1,0,1,1,0,1,0,3
708,1,1,0,0,0,0,0,1,1,0,1,1,1,1,1,1,1,1,1,1,1,0,0,0,0,0,0,1,1,0,3
709,0,1,0,0,0,0,0,1,1,0,1,1,1,1,1,1,1,1,1,1,0,0,1,0,0,0,1,0,1,0,3
710,1,0,1,0,0,1,0,0,0,0,1,0,0,1,0,1,1,1,1,1,0,0,1,0,0,1,0,0,1,0,3
711,1,1,1,0,0,0,1,0,1,0,1,1,1,1,1,1,1,1,1,1,1,0,0,0,0,0,1,0,1,0,3
712,0,0,1,0,0,0,1,0,1,0,1,1,1,1,1,1,1,1,1,1,0,1,1,1,1,0,0,1,0,1,3
713,1,1,0,0,0,0,0,1,1,0,1,1,1,1,1,1,1,1,1,1,0,1,1,1,0,0,0,1,1,0,3
714,1,1,1,0,0,0,1,0,1,0,1,0,1,1,1,1,1,1,1,1,0,0,1,0,0,0,0,1,1,0,3
715,0,0,0,1,0,1,1,0,1,0,1,0,1,0,1,0,1,1,1,0,0,0,1,0,0,1,1,0,1,0,3
716,0,0,1,0,0,1,0,0,1,0,0,1,0,1,0,1,1,1,0,1,0,1,1,1,0,0,1,0,1,0,3
717,0,0,0,1,0,0,0,1,1,0,1,1,1,1,1,1,1,1,1,1,1,1,1,1,0,1,1,1,1,0,3
718,0,0,1,0,0,0,0,1,1,0,1,1,1,1,1,1,1,1,1,1,1,0,0,0,0,1,1,1,1,0,3
719,0,0,0,1,0,0,0,1,1,0,1,1,1,1,1,1,1,1,1,1,1,1,1,1,0,1,1,1,1,0,3
720,0,0,1,0,0,0,0,1,1,0,1,1,1,1,1,1,1,1,1,1,1,0,0,0,0,1,1,1,1,0,3
721,0,0,0,1,0,0,0,1,1,0,1,1,1,1,1,1,1,1,1,1,1,1,1,1,0,1,1,1,1,0,3
722,0,0,0,1,0,1,1,0,1,0,1,1,0,1,0,1,1,1,1,1,1,0,0,0,1,1,1,1,1,1,3
723,1,1,1,0,0,0,0,1,1,0,1,1,1,1,1,1,1,1,1,1,0,1,0,1,0,0,1,0,1,0,3
724,0,0,1,0,0,0,0,1,1,0,1,1,1,1,1,1,1,1,1,1,1,0,0,0,0,1,1,1,1,0,3
725,0,1,0,0,0,0,0,1,1,0,1,1,1,1,1,1,1,1,1,1,0,0,1,0,0,0,1,0,1,0,3
726,1,1,0,0,0,0,0,1,1,0,1,1,1,1,1,1,1,1,1,1,1,0,0,0,0,0,1,0,1,0,3
727,0,1,0,0,0,1,0,0,0,0,1,0,1,1,1,1,1,1,1,0,0,0,1,0,0,1,0,0,1,0,3
728,0,1,0,0,0,0,0,1,1,0,1,1,1,1,1,1,1,1,1,1,0,0,1,0,0,0,1,0,1,0,3
729,0,0,1,0,0,0,0,1,1,0,1,1,1,1,1,1,1,1,1,1,1,0,0,0,0,1,1,1,1,0,3
730,0,0,1,0,0,0,0,1,1,0,1,1,1,1,1,1,1,1,1,0,0,1,0,1,0,1,0,0,1,0,3
731,1,1,0,0,1,1,0,1,0,1,0,0,0,1,0,0,1,1,1,1,0,1,0,1,1,0,0,0,1,1,3
732,1,1,1,0,0,0,1,0,1,0,1,0,1,1,1,1,1,1,1,1,0,0,1,0,1,0,0,0,1,0,3
733,1,0,0,0,0,1,0,0,1,0,0,1,1,1,1,1,1,1,1,1,0,1,1,1,0,1,1,0,1,0,3
734,0,0,1,0,1,1,0,1,0,1,0,0,1,0,1,1,1,1,1,0,0,1,0,1,0,0,1,0,1,0,3
735,1,1,0,0,1,1,0,1,0,1,0,0,1,1,1,1,1,1,1,1,0,0,1,0,1,0,0,1,1,0,3
736,1,1,1,0,0,0,1,0,1,0,1,0,1,1,1,1,1,1,1,1,0,1,0,1,0,1,1,0,1,0,3
737,0,1,0,0,1,1,0,1,0,1,0,0,1,1,1,1,1,1,1,1,0,0,1,0,0,1,1,0,1,0,3
738,0,0,1,0,0,0,0,1,1,0,1,1,1,1,1,1,1,1,1,1,1,0,0,0,0,1,1,1,1,0,3
739,0,0,1,0,0,0,0,1,1,0,1,1,1,1,1,1,1,1,1,1,1,0,0,0,0,1,1,1,1,0,3
740,1,1,1,0,1,0,0,0,0,0,1,0,1,1,1,1,1,1,1,1,0,0,1,0,0,0,1,0,1,0,3
741,1,1,1,0,0,0,1,0,0,0,0,1,1,1,1,1,1,1,1,1,0,1,0,1,0,0,1,0,1,0,3
742,0,0,1,0,0,1,0,0,1,0,0,1,1,0,1,0,1,1,1,1,0,1,1,1,0,0,1,0,1,0,3
743,0,1,0,0,0,1,0,0,1,0,0,1,1,1,1,1,1,1,1,1,0,0,1,0,0,0,1,0,1,0,3
744,1,1,1,0,0,0,0,1,1,0,1,1,1,1,1,1,1,1,1,1,0,0,1,0,0,1,0,0,1,0,3
745,1,1,1,0,0,0,1,0,0,0,0,1,1,1,1,1,1,1,1,1,0,1,0,1,0,0,1,0,1,0,3
746,1,0,1,0,0,1,0,0,0,0,1,0,1,0,1,0,1,1,1,1,0,0,1,0,0,0,1,0,1,0,3
747,0,0,0,1,0,0,0,1,1,0,1,1,1,1,1,1,1,1,1,1,1,1,1,1,0,1,1,1,1,0,3
748,0,0,1,0,0,0,1,0,1,0,1,1,1,1,1,1,1,1,1,1,1,0,0,0,1,0,0,1,1,1,3
749,1,1,0,0,0,0,0,1,1,0,1,1,1,1,1,1,1,1,1,1,0,1,1,1,0,0,0,1,1,0,3
750,1,1,0,0,1,1,0,0,1,0,1,1,1,1,1,1,1,1,1,1,1,0,0,0,0,0,0,1,1,0,3
751,1,1,0,0,0,0,0,1,1,0,1,1,1,1,1,1,1,1,1,1,1,0,0,0,0,0,0,1,1,0,3
752,0,0,1,0,0,0,0,1,1,0,1,1,1,1,1,1,0,1,1,1,0,1,1,1,0,0,0,1,1,0,3
753,1,1,1,0,0,0,1,0,0,0,0,1,1,1,1,1,1,1,1,1,0,0,1,0,0,0,1,0,1,0,3
754,1,1,1,0,1,1,0,0,0,0,1,0,1,1,1,1,1,1,1,1,0,1,0,1,1,0,0,0,1,0,3
755,0,0,1,0,0,0,0,1,1,0,1,1,1,1,1,1,1,1,1,1,1,0,0,0,0,1,1,1,1,0,3
756,0,0,1,0,0,0,0,1,1,0,1,1,1,1,1,1,1,1,1,1,1,0,0,0,0,1,1,1,1,0,3
757,1,0,1,0,0,0,0,1,1,0,1,1,1,1,1,1,1,1,1,1,0,0,1,0,0,0,1,0,1,0,3
758,0,0,0,1,0,1,1,0,0,0,0,1,0,1,0,1,1,1,1,1,0,1,1,1,0,1,1,1,1,0,3
759,1,1,0,0,0,0,0,1,1,0,1,1,1,1,1,1,1,1,1,1,1,0,0,0,0,0,1,0,1,0,3
760,0,1,0,0,0,0,0,1,1,0,1,1,1,1,1,1,1,1,1,1,0,0,1,0,0,0,1,0,1,0,3
761,0,0,0,1,0,1,1,0,1,0,1,1,1,0,1,0,1,1,1,1,1,0,0,0,0,1,1,1,1,1,3
762,1,1,0,0,0,1,0,0,0,1,0,0,1,0,1,1,1,1,1,1,0,1,0,1,1,0,0,1,1,1,3
763,1,1,1,0,0,0,1,0,0,0,0,1,1,1,1,1,1,1,1,1,0,1,0,1,0,0,1,0,1,0,3
764,1,1,1,0,0,0,1,0,0,0,1,0,1,1,1,1,1,1,1,1,0,0,1,0,0,0,1,0,1,0,3
765,1,1,1,0,0,0,1,0,0,0,0,1,1,1,1,1,1,1,1,1,0,0,1,0,0,0,1,0,1,0,3
766,1,1,1,0,0,0,0,1,1,0,1,1,1,1,1,1,1,1,1,1,0,1,0,1,0,0,1,0,1,0,3
767,0,0,0,1,0,0,0,1,1,0,1,1,1,1,1,1,1,1,1,1,1,1,1,1,0,1,1,1,1,0,3
768,1,1,0,0,0,0,0,1,1,0,1,1,1,1,1,1,1,1,1,1,1,0,0,0,0,0,0,1,1,0,3
769,0,0,1,0,0,0,0,1,1,0,1,1,1,1,1,1,1,1,1,1,1,0,0,0,0,1,1,1,1,0,3
770,1,1,0,0,0,0,0,1,1,0,1,1,1,1,1,1,1,1,1,1,0,1,1,1,0,0,0,1,1,0,3
771,1,1,0,0,0,0,0,1,1,0,1,1,1,1,1,1,1,1,1,1,1,0,0,0,0,0,1,0,1,0,3
772,0,0,1,0,0,0,0,1,1,0,1,1,1,1,1,1,1,1,1,1,1,0,0,0,0,1,1,1,1,0,3
773,1,1,1,0,0,0,1,0,0,0,0,1,1,1,1,1,1,1,1,1,0,0,1,0,0,0,1,0,1,0,3
774,0,0,1,0,0,0,0,1,1,0,1,1,1,1,1,1,0,1,1,1,0,1,1,1,0,0,0,1,1,0,3
775,0,0,0,1,0,1,1,0,1,0,1,1,1,0,1,0,1,1,1,1,1,0,0,0,0,1,1,1,1,1,3
776,0,0,1,0,0,0,0,1,1,0,1,1,1,1,1,1,0,1,1,1,0,1,1,1,0,0,0,1,1,0,3
777,0,0,1,0,0,0,0,1,1,0,1,1,1,1,1,1,1,1,1,1,1,0,0,0,0,1,1,1,1,0,3
778,0,0,1,0,0,0,0,1,1,0,1,1,1,1,1,1,1,1,1,1,1,0,0,0,0,1,1,1,1,0,3
779,0,0,1,0,0,0,0,1,1,0,1,1,1,1,1,1,1,1,1,1,1,0,0,0,0,1,1,1,1,0,3
780,1,1,0,0,0,0,0,1,1,0,1,1,1,1,1,1,1,1,1,1,1,0,0,0,0,0,1,0,1,0,3
781,0,0,1,0,0,0,0,1,1,0,1,1,1,1,1,1,0,1,1,1,0,1,1,1,0,0,0,1,1,0,3
782,0,0,0,1,0,0,0,1,1,0,1,1,1,1,1,1,1,1,1,1,1,1,1,1,0,1,1,1,1,0,3
783,0,0,1,0,0,0,0,1,1,0,1,1,1,1,1,1,0,1,1,1,0,1,1,1,0,0,0,1,1,0,3
784,0,0,1,0,0,0,0,1,1,0,1,1,1,1,1,1,1,1,1,1,1,0,0,0,0,1,1,1,1,0,3
785,1,1,1,0,0,0,1,0,1,0,1,0,1,1,1,1,1,1,1,1,0,1,0,1,0,1,1,0,1,0,3
786,1,1,1,0,1,1,0,0,0,0,1,0,1,1,1,1,1,1,1,1,0,0,1,0,1,0,0,0,1,0,3
787,1,1,1,0,1,1,0,1,0,1,0,0,0,1,0,0,1,1,1,1,0,1,0,1,0,1,1,1,1,0,3
788,1,1,1,0,0,0,1,0,0,0,0,1,1,1,1,1,1,1,1,1,0,1,0,1,0,0,1,0,1,0,3
789,1,1,0,0,1,1,0,1,0,1,0,0,1,1,1,1,1,1,1,1,0,0,1,0,0,1,1,0,0,1,3
790,0,0,1,0,0,0,0,1,1,0,1,1,1,1,1,1,1,1,1,1,1,0,0,0,0,1,1,1,1,0,3
791,1,0,1,0,0,0,1,0,0,0,0,1,1,0,1,0,1,1,1,1,0,0,1,0,1,0,0,0,1,0,3
792,1,1,1,0,0,0,1,0,0,0,1,0,1,1,1,1,1,1,1,1,0,0,1,0,0,1,0,0,1,0,3
793,0,0,0,1,0,1,1,0,1,0,1,1,1,0,1,0,1,1,1,1,1,0,0,0,0,1,1,1,1,1,3
794,1,1,1,0,0,0,1,0,0,0,1,0,1,1,1,1,1,1,1,1,0,1,0,1,1,0,0,0,1,0,3
795,1,1,0,0,0,0,0,1,1,0,1,1,1,1,1,1,1,1,1,1,1,0,0,0,0,0,0,1,1,0,3
796,1,1,0,0,0,0,0,1,1,0,1,1,1,1,1,1,1,1,1,1,0,1,1,1,0,0,0,1,1,0,3
797,1,1,0,0,0,0,0,1,1,0,1,1,1,1,1,1,1,1,1,1,1,0,0,0,0,0,1,0,1,0,3
798,1,1,1,0,0,0,1,0,0,0,1,0,1,1,1,1,1,1,1,1,0,1,0,1,1,0,0,0,1,0,3
799,0,0,1,0,0,0,0,1,1,0,1,1,1,1,1,1,0,1,1,1,0,1,1,1,0,0,0,1,1,0,3
800,0,0,1,0,0,1,0,0,0,1,0,0,1,0,1,1,1,1,1,1,0,1,0,1,1,0,0,1,1,1,3
801,1,1,1,0,1,1,0,1,0,1,0,0,0,1,0,0,1,1,1,1,0,1,0,1,0,1,1,1,1,0,3
802,1,1,1,0,1,1,0,0,0,0,1,0,1,1,1,1,1,1,1,1,0,0,1,0,1,0,0,0,1,0,3
803,1,1,1,0,1,1,0,0,0,0,1,0,1,1,1,1,1,1,1,1,0,0,1,0,1,0,0,0,1,0,3
804,0,0,1,0,1,1,0,1,0,1,0,0,1,0,1,0,1,1,1,1,0,0,1,0,0,0,0,1,1,0,3
805,1,1,1,0,1,1,0,0,1,0,0,1,1,1,1,1,1,1,1,1,0,0,1,0,0,0,0,1,1,0,3
806,0,0,1,0,0,0,0,1,1,0,1,1,1,1,1,1,1,1,1,1,1,0,0,0,0,1,1,1,1,0,3
807,0,1,0,0,0,1,0,0,0,0,1,0,1,1,1,1,1,1,1,1,0,0,1,0,0,0,1,0,1,0,3
808,1,1,1,0,1,1,0,0,1,0,0,1,1,1,1,1,1,1,1,1,0,1,0,1,0,0,0,1,1,0,3
809,1,1,1,0,0,0,1,0,1,0,1,0,1,1,1,1,1,1,1,1,0,1,0,1,0,1,1,0,1,0,3
810,1,1,1,0,0,0,1,0,0,0,1,0,1,1,1,1,1,1,1,1,0,1,0,1,1,0,0,0,1,0,3
811,1,1,1,0,1,1,0,1,0,1,0,0,1,0,1,1,1,1,1,1,0,1,0,1,0,1,1,0,0,1,3
812,1,1,1,0,0,0,1,0,0,0,1,0,1,1,1,1,1,1,1,1,0,0,1,0,0,1,0,0,1,0,3
813,0,0,0,1,0,1,1,0,1,0,1,1,1,0,1,0,1,1,1,1,1,0,0,0,0,1,1,1,1,1,3
814,1,1,1,0,0,0,1,0,1,0,0,1,1,1,1,1,1,1,1,1,0,1,0,1,1,0,0,0,1,0,3
815,0,1,0,0,0,1,0,0,1,0,0,1,1,1,1,1,1,1,1,1,0,0,1,0,0,0,1,0,1,0,3
816,1,1,1,0,0,0,1,0,0,0,1,0,1,1,1,1,1,1,1,1,0,0,1,0,0,1,0,0,1,0,3
817,0,1,0,0,0,0,0,1,1,0,1,1,1,1,1,1,1,1,1,1,0,0,1,0,0,0,1,0,1,0,3
818,0,1,0,0,0,1,0,0,1,0,0,1,1,1,1,1,1,1,1,1,0,0,1,0,0,1,0,0,1,0,3
819,0,0,1,0,1,0,0,0,0,0,1,0,1,1,1,1,1,1,1,1,0,0,1,0,0,0,0,1,1,0,3
820,0,0,1,0,1,0,0,1,1,0,1,1,1,1,1,1,1,1,0,1,0,1,1,1,0,1,1,0,0,1,3
821,1,1,1,0,0,0,1,0,0,0,0,1,1,1,1,1,1,1,1,1,0,0,1,0,0,0,1,0,1,0,3
822,1,1,1,0,0,0,1,0,0,0,0,1,1,1,1,1,1,1,1,1,0,1,0,1,0,0,1,0,1,0,3
823,1,1,1,0,0,0,1,0,1,0,1,0,1,1,1,1,1,1,1,1,0,0,1,0,1,0,0,0,1,0,3
824,1,1,1,0,0,0,1,0,1,0,1,1,1,0,1,1,1,1,1,1,1,0,0,0,0,1,0,0,1,0,3
825,1,1,1,0,1,0,0,0,0,0,1,0,1,1,1,1,1,1,1,1,0,0,1,0,0,0,1,0,1,0,3
826,1,1,1,0,0,0,1,0,1,0,1,1,1,1,1,1,1,1,1,1,1,0,0,0,0,0,1,0,1,0,3
827,1,1,1,0,0,0,1,0,0,0,1,0,1,1,1,1,1,1,1,1,0,0,1,0,0,0,1,0,1,0,3
828,0,0,1,0,0,0,0,1,1,0,1,1,1,1,1,1,1,1,1,1,1,0,0,0,0,1,1,1,1,0,3
829,1,1,0,0,0,0,0,1,1,0,1,1,1,1,1,1,1,1,1,1,0,1,1,1,0,0,0,1,1,0,3
830,1,1,0,0,0,0,0,1,1,0,1,1,1,1,1,1,1,1,1,1,0,1,1,1,0,0,0,1,1,0,3
831,1,1,1,0,1,1,0,0,0,0,1,0,1,1,1,1,1,1,1,1,0,1,0,1,0,0,0,1,1,0,3
832,1,1,1,0,0,0,1,0,0,0,0,1,1,1,1,1,1,1,1,1,0,0,1,0,0,0,1,0,1,0,3
833,1,1,1,0,0,0,1,0,0,0,1,0,1,1,1,1,1,1,1,1,0,0,1,0,0,0,1,0,1,0,3
834,0,0,0,1,1,0,0,1,1,0,1,1,1,1,1,1,1,1,1,1,1,1,0,0,1,0,0,0,1,1,3
835,0,0,1,0,0,1,0,0,1,0,0,1,0,1,0,1,1,1,0,1,0,1,1,1,0,0,1,0,1,0,3
836,1,1,1,0,1,0,0,1,1,0,1,1,0,1,0,1,1,1,1,1,0,0,1,0,1,0,0,1,0,1,3
837,0,1,0,0,0,1,0,0,0,0,1,0,1,1,1,1,1,1,1,1,0,1,0,1,0,1,1,0,1,0,3
838,0,0,1,0,0,0,0,1,1,0,1,1,1,1,1,1,0,1,1,1,0,1,1,1,0,0,0,1,1,0,3
839,1,1,1,0,0,0,1,0,0,0,1,0,1,1,1,1,1,1,1,1,0,1,0,1,1,0,0,0,1,0,3
840,0,0,1,0,0,0,0,1,1,0,1,1,1,1,1,1,0,1,1,1,0,1,1,1,0,0,0,1,1,0,3
841,1,1,1,0,1,0,0,1,1,0,1,1,0,1,0,1,1,1,1,1,0,0,1,0,1,0,0,1,0,1,3
842,1,1,0,0,0,0,0,1,1,0,1,1,1,1,1,1,1,1,1,1,0,1,1,1,0,0,0,1,1,0,3
843,0,1,0,0,0,0,1,0,0,0,0,1,1,1,1,1,1,1,1,1,0,0,1,0,0,0,0,1,1,0,3
844,0,1,0,0,0,0,1,0,0,0,0,1,1,1,1,1,1,1,1,1,0,0,1,0,0,0,0,1,1,0,3
845,1,0,1,0,0,1,0,0,0,0,1,0,0,1,0,1,1,1,1,1,0,1,0,1,0,1,1,0,1,0,3
846,1,1,1,0,1,0,0,1,0,1,0,0,1,1,1,1,1,1,1,1,0,0,1,0,1,0,0,1,0,1,3
847,1,1,1,0,0,0,1,0,0,0,1,0,1,1,1,1,1,1,1,1,0,1,0,1,1,0,0,0,1,0,3
848,1,1,1,0,1,1,0,0,0,0,1,0,1,1,1,1,1,1,1,1,0,1,0,1,0,0,0,1,1,0,3
849,1,1,1,0,1,1,0,0,0,0,1,0,1,1,1,1,1,1,1,1,0,1,0,1,0,0,0,1,1,0,3
850,0,0,1,0,1,1,0,1,0,1,0,0,0,1,0,1,1,1,1,1,0,0,1,0,1,0,0,1,1,0,3
851,0,0,0,1,0,0,0,1,1,0,1,1,1,1,1,1,1,1,1,1,1,1,1,1,0,1,1,1,1,0,3
852,1,1,1,0,0,0,1,0,1,0,1,0,1,1,1,1,1,1,1,1,0,0,1,0,0,0,0,1,1,0,3
853,1,1,0,0,0,0,1,0,1,0,1,1,1,1,1,1,1,1,1,1,1,0,0,0,1,0,0,1,1,1,3
854,1,1,1,0,0,0,1,0,0,0,1,0,1,1,1,1,1,1,1,1,0,0,1,0,0,0,1,0,1,0,3
855,1,1,1,0,0,0,1,0,0,0,0,1,1,1,1,1,1,1,1,1,0,0,1,0,0,0,1,0,1,0,3
856,1,1,0,0,1,1,0,0,0,0,1,0,1,1,1,1,1,1,1,1,0,0,1,0,0,0,0,1,1,0,3
857,1,1,0,0,0,0,0,1,1,0,1,1,1,1,1,1,1,1,1,1,0,1,1,1,0,0,0,1,1,0,3
858,0,1,0,0,0,1,0,0,1,0,0,1,1,1,1,1,1,1,1,1,0,0,1,0,0,1,0,0,1,0,3
859,1,1,1,0,0,0,1,0,0,0,0,1,1,1,1,1,1,1,1,1,0,0,1,0,0,0,1,0,1,0,3
860,1,1,1,0,0,0,1,0,0,0,0,1,1,1,1,1,1,1,1,1,0,0,1,0,0,1,0,0,1,0,3
861,1,1,1,0,0,0,1,0,0,0,0,1,1,1,1,1,1,1,1,1,0,0,1,0,0,1,0,0,1,0,3
862,1,1,1,0,0,0,1,0,0,1,0,0,1,1,1,1,1,1,1,1,0,0,1,0,0,1,0,0,1,1,3
863,1,1,0,0,0,0,0,1,1,0,1,1,1,1,1,1,1,1,1,1,0,1,1,1,0,0,0,1,1,0,3
864,1,1,1,0,1,0,0,0,1,0,0,1,0,1,0,1,1,1,1,1,0,0,1,0,0,1,1,0,1,0,3
865,1,1,1,0,1,1,0,0,0,0,1,0,1,1,1,1,1,1,1,1,0,0,1,0,1,0,0,0,1,0,3
866,0,1,0,0,1,1,0,1,0,1,0,0,1,1,1,1,1,1,1,1,0,0,1,0,0,1,1,0,1,0,3
867,1,1,0,0,1,1,0,1,0,1,0,0,1,1,1,1,1,1,1,1,0,0,1,0,0,1,1,0,0,1,3
868,0,1,0,0,0,0,0,1,1,0,1,1,1,1,1,1,1,1,1,1,0,0,1,0,0,0,1,0,1,0,3
869,1,1,1,0,0,0,1,0,1,0,1,1,1,1,1,1,1,1,1,1,0,1,0,1,0,0,0,1,1,0,3
870,1,1,1,0,0,0,0,1,1,0,1,1,1,1,1,1,1,1,1,1,0,0,1,0,0,1,0,0,1,0,3
871,1,1,1,0,1,1,0,0,1,0,0,1,1,1,1,1,1,1,1,1,0,0,1,0,0,0,0,1,1,0,3
872,1,1,1,0,0,0,1,0,0,0,1,0,1,1,1,1,1,1,1,1,0,0,1,0,0,0,1,0,1,0,3
873,0,1,0,0,0,1,0,0,0,0,1,0,1,1,1,1,1,1,1,1,0,0,1,0,0,0,1,0,1,0,3
874,0,1,0,0,0,0,0,1,1,0,1,1,1,1,1,1,1,1,1,1,0,0,1,0,0,0,1,0,1,0,3
875,1,1,0,0,0,0,0,1,1,0,1,1,1,1,1,1,1,1,1,1,1,0,0,0,0,0,0,1,1,0,3
876,1,1,1,0,0,0,1,0,1,0,1,1,1,1,1,1,1,1,1,1,1,0,0,0,0,0,1,0,1,0,3
877,0,0,0,1,0,0,0,1,1,0,1,1,1,1,1,1,1,1,1,1,1,1,1,1,0,1,1,1,1,0,3
878,1,1,0,0,0,0,0,1,1,0,1,1,1,1,1,1,1,1,1,1,0,1,1,1,0,0,0,1,1,0,3
879,0,0,1,0,0,0,1,0,1,0,1,1,1,1,1,1,1,1,1,1,1,0,0,0,1,0,0,1,1,1,3
880,1,1,1,0,0,0,1,0,0,0,0,1,1,1,1,1,1,1,1,1,0,0,1,0,0,1,0,0,1,0,3
881,1,1,0,0,1,1,0,1,1,0,1,1,1,1,1,1,1,1,1,1,0,1,1,1,0,1,1,0,0,1,3
882,1,1,1,0,0,0,1,0,0,0,0,1,1,1,1,1,1,1,1,1,0,0,1,0,0,0,1,0,1,0,3
883,1,1,1,0,0,0,1,0,0,0,1,0,1,1,1,1,1,1,1,1,0,0,1,0,0,0,1,0,1,0,3
884,1,1,0,0,0,0,1,0,1,0,1,1,1,1,1,1,1,1,1,1,1,0,0,0,1,0,0,1,1,1,3
885,1,1,0,0,0,0,1,0,0,1,0,0,1,1,1,1,1,1,1,1,0,0,1,0,0,0,1,0,1,1,3
886,1,1,1,0,0,0,1,0,1,0,1,0,1,1,1,1,1,1,1,1,0,1,0,1,0,1,1,0,1,0,3
887,0,0,1,0,0,0,0,1,1,0,1,1,1,1,1,1,1,0,1,1,0,1,1,1,1,0,0,1,1,0,3
888,0,1,0,0,0,0,1,0,0,0,0,1,1,1,1,1,1,1,1,1,0,0,1,0,0,0,0,1,1,0,3
889,1,1,1,0,0,0,0,1,1,0,1,1,1,1,1,1,1,1,1,1,0,1,0,1,0,0,1,0,1,0,3
890,1,1,1,0,0,0,1,0,0,0,0,1,1,1,1,1,1,1,1,1,0,0,1,0,0,1,0,0,1,0,3
891,1,0,1,0,0,0,0,1,1,0,1,1,1,1,1,1,1,1,1,1,0,0,1,0,0,0,1,0,1,0,3
892,0,1,0,0,0,1,0,0,1,0,0,1,1,1,1,1,1,1,1,1,0,0,1,0,0,0,1,0,1,0,3
893,1,1,1,0,0,0,1,0,1,0,1,0,1,1,1,1,1,1,1,1,0,0,1,0,0,0,0,1,1,0,3
894,0,0,1,0,0,0,0,1,1,0,1,1,1,1,1,1,1,0,1,1,0,1,1,1,1,0,0,1,1,0,3
895,0,0,1,0,1,1,0,1,0,1,0,0,1,1,1,1,1,1,1,1,0,0,1,0,0,1,0,0,1,0,3
896,0,0,1,0,0,0,0,1,1,0,1,1,1,1,1,1,1,0,1,1,0,1,1,1,1,0,0,1,1,0,3
897,0,0,0,1,0,0,0,1,1,0,1,1,1,1,1,1,1,1,1,1,1,1,1,1,0,1,1,1,1,0,3
898,0,0,1,0,0,0,0,1,1,0,1,1,1,1,1,1,1,1,1,1,1,0,0,0,0,1,1,1,1,0,3
899,0,0,0,1,0,0,0,1,1,0,1,1,1,1,1,1,1,1,1,1,1,1,1,1,0,1,1,1,1,0,3
900,1,1,1,0,0,0,1,0,1,0,1,0,1,1,1,1,1,1,1,1,0,1,0,1,0,1,1,0,1,0,3
901,0,0,1,0,0,0,1,0,1,0,1,1,0,1,0,0,1,1,1,1,1,0,0,0,0,1,0,0,1,0,3
902,1,1,1,0,0,0,1,0,1,0,1,1,1,1,1,1,1,1,1,1,1,0,0,0,0,0,1,0,1,0,3
903,1,1,0,0,0,0,0,1,1,0,1,1,1,1,1,1,1,1,1,1,0,1,1,1,1,0,0,0,1,0,3
904,1,1,1,0,1,1,0,1,0,1,0,0,0,1,0,0,1,1,1,1,0,1,0,1,0,1,1,1,1,0,3
905,1,1,1,0,1,0,0,0,0,0,1,0,1,1,1,1,1,1,1,1,0,0,1,0,0,1,0,0,1,0,3
906,1,1,1,0,0,0,0,1,1,0,1,1,1,1,1,1,1,1,1,1,0,1,0,1,0,0,1,0,1,0,3
907,1,1,1,0,0,0,1,0,1,0,1,0,1,1,1,1,1,1,1,1,0,1,0,1,0,1,1,0,1,0,3
908,0,1,0,0,0,0,0,1,1,0,1,1,1,1,1,1,1,1,1,1,0,0,1,0,0,0,1,0,1,0,3
909,0,0,1,0,0,0,1,0,1,0,1,1,1,1,1,1,1,1,1,1,0,1,1,1,1,0,0,1,0,1,3
910,1,1,1,0,1,0,0,0,0,0,1,0,1,1,1,1,1,1,1,1,0,0,1,0,0,0,1,0,1,0,3
911,1,1,1,0,1,1,0,0,1,0,0,1,1,1,1,1,1,1,1,1,0,0,1,0,0,0,0,1,1,0,3
912,0,1,0,0,0,1,0,0,0,0,1,0,1,1,1,1,1,1,1,1,0,0,1,0,0,0,1,0,1,0,3
913,1,1,0,0,0,0,0,1,1,0,1,1,1,1,1,1,1,1,1,1,1,0,0,0,0,0,0,1,1,0,3
914,0,0,1,0,0,0,0,1,1,0,1,1,1,1,1,1,1,0,1,1,0,1,1,1,1,0,0,1,1,0,3
915,0,0,0,1,0,0,0,1,1,0,1,1,1,1,1,1,1,1,1,1,1,1,1,1,0,1,1,1,1,0,3
916,1,1,0,0,0,0,0,1,1,0,1,1,1,1,1,1,1,1,1,1,1,0,0,0,0,0,0,1,1,0,3
917,0,1,0,0,0,0,1,0,0,0,0,1,1,1,1,1,1,1,1,1,0,0,1,0,0,0,0,1,1,0,3
918,1,1,1,0,0,0,0,1,1,0,1,1,1,1,1,1,1,1,1,1,0,1,0,1,0,0,1,0,1,0,3
919,0,0,0,1,0,0,0,1,1,0,1,1,1,1,1,1,1,1,1,1,1,1,1,1,0,1,1,1,1,0,3
920,1,1,1,0,0,0,0,1,1,0,1,1,1,1,1,1,1,1,1,1,0,0,1,0,0,1,0,0,1,0,3
921,0,0,0,1,0,1,1,0,0,0,0,1,0,1,0,1,1,1,1,1,0,1,1,1,0,1,1,1,1,0,3
922,1,1,1,0,1,1,0,1,0,1,0,0,1,0,1,1,1,1,1,1,0,1,0,1,0,1,1,0,0,1,3
923,0,1,0,0,1,1,0,1,0,1,0,0,1,1,1,1,1,1,1,1,0,0,1,0,0,1,1,0,1,0,3
924,0,0,1,0,1,0,0,1,0,1,0,0,1,0,1,1,1,1,0,1,0,1,0,1,0,0,1,0,1,0,3
925,1,0,1,0,0,0,1,0,0,0,0,1,1,0,1,0,1,1,1,1,0,0,1,0,0,0,0,1,1,0,3
926,0,0,0,1,0,1,0,0,0,0,1,0,1,0,1,0,1,1,1,1,0,0,1,0,1,0,0,1,1,1,3
927,0,0,0,1,1,0,0,1,0,1,0,0,1,0,1,0,1,1,1,1,0,0,1,0,0,0,1,0,1,0,3
928,0,0,1,0,0,0,0,1,1,0,1,1,1,1,1,1,1,0,1,1,0,1,1,1,1,0,0,1,1,0,3
929,1,0,1,0,0,0,1,0,0,0,0,1,0,1,0,1,1,0,0,1,0,0,1,0,0,0,0,1,1,0,3
930,1,1,1,0,0,0,1,0,1,0,1,1,1,1,1,1,1,1,1,1,0,1,0,1,0,0,0,1,1,0,3
931,0,0,1,0,0,0,0,1,1,0,1,1,1,1,1,1,1,0,1,1,0,1,1,1,1,0,0,1,1,0,3
932,0,1,0,0,0,1,0,0,0,0,1,0,1,1,1,1,1,1,0,1,0,0,1,0,0,1,0,0,1,0,3
933,1,1,0,0,0,0,0,1,1,0,1,1,1,1,1,1,1,1,1,1,0,1,1,1,0,0,0,1,1,0,3
934,0,0,0,1,0,0,0,1,1,0,1,1,1,1,1,1,1,1,1,1,1,1,1,1,0,1,1,1,1,0,3
935,0,0,1,0,0,0,0,1,1,0,1,1,1,1,1,1,1,0,1,1,0,1,1,1,1,0,0,1,1,0,3
936,0,0,0,1,0,0,1,0,1,0,1,0,0,1,0,1,1,0,1,1,0,0,1,0,0,1,1,1,1,0,3
937,1,1,0,0,0,0,0,1,1,0,1,1,1,1,1,1,1,1,1,1,0,1,1,1,0,0,0,1,1,0,3
938,1,1,1,0,0,0,1,0,1,0,1,1,1,1,1,1,1,1,1,1,0,1,0,1,0,0,0,1,1,0,3
939,1,1,1,0,0,0,0,1,1,0,0,1,1,1,1,1,1,1,0,1,0,1,0,1,0,1,0,0,1,0,3
940,1,1,1,0,1,1,0,0,1,0,0,1,1,1,1,1,1,1,1,1,0,0,1,0,0,0,0,1,1,0,3
941,1,1,1,0,1,0,0,0,0,0,1,0,1,1,1,1,1,1,1,1,0,0,1,0,0,1,0,0,1,0,3
942,1,0,0,0,1,1,0,1,0,1,0,0,1,1,1,1,1,1,1,1,0,0,1,0,0,1,1,0,1,0,3
943,1,1,1,0,0,0,1,0,0,0,1,0,1,1,1,1,1,1,1,1,0,0,1,0,0,1,0,0,1,0,3
944,1,1,0,0,1,1,0,1,0,1,0,0,1,1,1,1,1,1,1,1,0,0,1,0,1,0,0,1,1,0,3
945,0,1,0,0,0,1,0,0,0,0,1,0,1,1,1,1,1,1,1,0,0,0,1,0,0,1,0,0,1,0,3
946,0,1,0,0,1,1,0,1,0,1,0,0,1,1,1,1,1,1,1,1,0,0,1,0,0,1,1,0,1,0,3
947,1,1,1,0,1,1,0,1,0,1,0,0,0,1,0,0,1,1,1,1,0,1,0,1,0,1,1,1,1,0,3
948,1,1,1,0,0,0,1,0,0,0,0,1,1,1,1,1,1,1,1,1,0,0,1,0,0,1,0,0,1,0,3
949,1,0,1,0,0,1,0,0,0,0,1,0,1,0,1,0,1,1,1,1,0,1,0,1,0,1,0,0,1,0,3
950,1,1,1,0,0,0,1,0,0,0,0,1,1,1,1,1,1,1,1,1,0,0,1,0,0,0,1,0,1,0,3
951,0,1,0,0,0,0,1,0,0,0,0,1,1,1,1,1,1,1,1,1,0,0,1,0,0,0,0,1,1,0,3
952,1,1,1,0,0,0,1,0,1,0,1,1,1,1,1,1,1,1,1,1,0,1,0,1,0,0,0,1,1,0,3
953,1,1,1,0,1,1,0,1,0,1,0,0,0,1,0,0,1,1,1,1,0,1,0,1,0,1,1,1,1,0,3
954,1,1,1,0,0,0,1,0,1,0,1,0,1,1,1,1,1,1,1,1,0,1,0,1,0,1,1,0,1,0,3
955,0,0,1,0,0,0,1,0,0,1,0,0,1,1,1,1,1,1,1,1,0,0,1,0,1,0,0,1,1,1,3
956,0,1,0,0,1,1,0,1,0,1,0,0,1,1,1,1,1,1,1,1,0,0,1,0,0,1,1,0,1,0,3
957,0,0,0,1,0,1,1,0,1,0,1,0,1,0,1,0,1,1,0,1,0,0,1,0,0,1,1,0,1,0,3
958,0,0,0,1,0,1,1,0,0,0,1,0,1,0,1,0,1,1,1,1,0,1,0,1,1,0,0,1,1,1,3
959,0,0,1,0,1,1,0,0,1,0,1,1,1,1,1,1,1,1,1,1,1,0,0,0,0,1,1,1,1,0,3
960,0,0,0,1,0,1,1,0,0,0,0,1,0,1,0,1,1,1,1,1,0,1,1,1,0,1,1,1,1,0,3
961,0,0,1,0,0,0,0,1,1,0,1,1,1,1,1,1,1,1,1,1,1,0,0,0,0,1,1,1,1,0,3
962,1,1,1,0,0,0,1,0,0,0,0,1,1,1,1,1,1,1,1,1,0,1,0,1,0,0,1,0,1,0,3
963,1,1,1,0,0,0,1,0,1,0,1,1,1,1,1,1,1,1,1,1,0,1,0,1,0,0,0,1,1,0,3
964,0,0,1,0,0,0,0,1,1,0,1,1,1,1,1,1,1,1,1,1,1,0,0,0,0,1,1,1,1,0,3
965,0,1,0,0,1,1,0,1,0,1,0,0,1,1,1,1,1,1,1,1,0,0,1,0,0,1,1,0,1,0,3
966,1,1,1,0,0,0,1,0,1,0,1,0,1,1,1,1,1,1,1,1,0,1,0,1,0,1,1,0,1,0,3
967,0,0,1,0,0,0,0,1,1,0,1,1,1,1,1,1,1,1,1,1,1,0,0,0,0,1,1,1,1,0,3
968,0,0,1,0,0,0,1,0,1,0,1,1,1,1,1,1,1,1,1,1,1,0,0,0,1,0,0,1,1,1,3
969,0,0,1,0,0,0,0,1,1,0,1,1,1,1,1,1,0,1,1,1,0,1,1,1,0,0,0,1,1,0,3
970,0,0,1,0,0,0,0,1,1,0,1,1,1,1,1,1,1,1,1,1,1,0,0,0,0,1,1,1,1,0,3
971,1,1,0,0,0,0,0,1,1,0,1,1,1,1,1,1,1,1,1,1,0,1,1,1,0,0,0,1,1,0,3
972,0,0,1,0,0,0,0,1,1,0,1,1,1,1,1,1,1,1,1,1,1,0,0,0,0,1,1,1,1,0,3
973,1,1,0,0,1,1,0,1,0,1,0,0,1,1,1,1,1,1,1,1,0,0,1,0,1,0,0,1,1,0,3
974,0,0,1,0,0,0,0,1,1,0,1,1,1,1,1,1,1,1,1,1,1,0,0,0,0,1,1,1,1,0,3
975,1,1,0,0,0,0,0,1,1,0,1,1,1,1,1,1,1,1,1,1,0,1,1,1,0,0,0,1,1,0,3
976,0,1,0,0,0,1,0,0,0,0,1,0,1,1,1,1,1,1,1,0,0,0,1,0,0,1,0,0,1,0,3
977,0,0,1,0,1,0,0,1,1,0,1,1,1,1,1,1,1,1,1,0,0,1,1,1,0,1,1,0,0,1,3
978,1,1,1,0,0,0,1,0,1,0,1,1,1,1,1,1,1,1,1,1,0,1,0,1,0,0,0,1,1,0,3
979,0,0,0,1,0,0,0,1,1,0,1,1,1,1,1,1,1,1,1,1,1,1,1,1,0,1,1,1,1,0,3
980,1,1,1,0,0,0,1,0,0,0,0,1,1,1,1,1,1,1,1,1,0,0,1,0,0,1,0,0,1,0,3
981,0,0,1,0,0,0,0,1,1,0,1,1,1,1,1,1,1,0,1,1,0,1,1,1,1,0,0,1,1,0,3
982,0,0,1,0,0,0,0,1,1,0,1,1,1,1,1,1,1,0,1,1,0,1,1,1,1,0,0,1,1,0,3
983,0,0,1,0,0,0,0,1,1,0,1,1,1,1,1,1,0,1,1,1,0,1,1,1,0,0,0,1,1,0,3
984,0,0,1,0,0,0,0,1,1,0,1,1,1,1,1,1,1,1,1,1,1,0,0,0,0,1,1,1,1,0,3
985,0,0,1,0,0,0,0,1,1,0,1,1,1,1,1,1,1,1,1,1,1,0,0,0,0,1,1,1,1,0,3
986,1,1,0,0,0,0,0,1,1,0,1,1,1,1,1,1,1,1,1,1,1,0,0,0,0,0,0,1,1,0,3
987,0,0,1,0,0,0,0,1,1,0,1,1,1,1,1,1,0,1,1,1,0,1,1,1,0,0,0,1,1,0,3
988,0,1,0,0,0,1,0,0,0,0,1,0,1,1,1,1,1,1,1,1,0,1,0,1,0,1,1,0,1,0,3
989,1,1,1,0,0,0,1,0,0,1,0,0,1,0,1,0,1,1,1,1,1,1,0,1,1,1,1,1,1,1,3
990,0,1,0,0,0,1,0,0,0,0,1,0,1,1,1,1,1,1,1,1,0,1,0,1,0,1,1,0,1,0,3
991,1,1,0,0,0,0,1,0,1,0,1,1,1,1,1,1,1,1,1,1,1,0,0,0,1,0,0,1,1,1,3
992,1,0,1,0,0,0,1,0,0,0,0,1,0,1,0,1,1,0,1,0,0,0,1,0,0,0,0,1,1,0,3
993,0,0,0,1,0,0,1,0,1,0,0,1,1,0,1,0,1,1,1,1,0,1,1,1,1,0,0,1,1,1,3
994,1,1,0,0,0,0,0,1,1,0,1,1,1,1,1,1,1,1,1,1,1,0,0,0,0,0,0,1,1,0,3
995,1,1,1,0,0,1,0,0,1,0,1,0,1,1,1,1,1,1,1,0,0,1,1,1,1,0,0,1,0,1,3
996,0,1,0,0,0,1,0,0,0,0,1,0,1,1,1,1,1,1,1,0,0,0,1,0,0,1,0,0,1,0,3
997,1,1,1,0,1,1,0,0,0,0,1,0,1,1,1,1,1,1,1,1,0,1,0,1,0,0,0,1,1,0,3
998,1,1,1,0,1,1,0,1,1,0,1,1,1,0,1,1,1,1,1,1,1,0,0,0,0,1,1,1,0,1,3
999,0,0,0,1,1,0,0,1,0,1,0,0,1,0,1,0,1,1,1,1,0,0,1,0,0,1,1,1,0,1,3
1000,1,1,1,0,0,1,0,0,0,1,0,0,1,1,1,1,1,1,1,1,0,0,1,0,1,0,0,1,0,1,1
1001,0,0,0,1,0,1,1,0,0,1,0,0,0,1,0,1,1,1,0,1,1,1,1,1,0,0,1,0,1,1,1
1002,1,1,1,0,1,1,0,1,1,0,1,1,1,1,1,1,1,1,1,1,1,0,0,0,1,0,0,0,1,1,1
1003,1,1,0,0,0,0,0,1,1,0,1,1,1,1,1,1,1,1,1,1,0,1,1,1,0,0,0,1,1,0,1
1004,0,1,0,0,1,1,0,1,0,1,0,0,1,1,1,1,1,1,1,1,0,0,1,0,0,1,1,0,1,0,1
1005,0,0,0,1,1,0,0,1,1,0,1,1,0,1,0,1,1,1,1,1,0,0,1,0,0,1,1,1,0,1,1
1006,1,1,0,0,0,0,0,1,1,0,1,1,1,1,1,1,1,1,1,1,1,0,0,0,0,0,0,1,1,0,1
1007,1,1,1,0,0,0,1,0,0,0,0,1,1,1,1,1,1,1,1,1,0,0,1,0,0,0,1,0,1,0,1
1008,0,0,0,1,0,0,0,1,1,0,1,1,1,1,1,1,1,1,1,1,1,1,1,1,0,1,1,1,1,0,1
1009,0,0,0,1,0,1,1,0,1,0,1,1,0,1,0,1,1,1,1,1,1,0,0,0,1,1,1,1,1,1,1
1010,1,1,1,0,1,1,0,0,1,0,0,1,1,1,1,1,1,1,1,1,0,0,1,0,0,0,0,1,1,0,1
1011,0,1,0,0,1,1,0,1,0,1,0,0,1,1,1,1,1,1,1,1,0,0,1,0,0,1,1,0,1,0,1
1012,1,1,0,0,0,0,1,0,1,0,1,1,1,1,1,1,1,1,1,1,1,0,0,0,1,0,0,1,1,1,1
1013,0,0,1,0,1,0,0,1,0,1,0,0,1,0,1,1,1,1,0,1,0,1,0,1,0,0,1,0,1,0,1
1014,1,1,1,0,0,0,0,1,1,0,1,1,1,1,1,1,1,1,1,1,0,0,1,0,0,1,0,0,1,0,1
1015,1,1,1,0,0,0,0,1,1,0,1,1,1,1,1,1,1,1,1,1,0,0,1,0,0,1,0,0,1,0,1
1016,1,1,1,0,0,0,1,0,0,0,0,1,1,1,1,1,1,1,1,1,0,0,1,0,0,0,1,0,1,0,1
1017,0,0,1,0,0,0,0,1,1,0,1,1,1,1,1,1,1,1,1,1,1,0,0,0,0,1,1,1,1,0,1
1018,1,0,1,0,0,1,0,0,0,0,1,0,0,1,0,1,1,1,1,1,0,0,1,0,0,0,1,0,1,0,1
1019,0,0,1,0,1,1,0,0,1,0,1,1,1,1,1,1,1,1,1,1,1,0,0,0,0,1,1,1,1,0,1
1020,1,1,1,0,1,1,0,1,0,1,0,0,1,1,1,1,0,1,1,1,1,0,0,0,1,1,1,1,1,1,1
1021,0,0,0,1,0,1,1,0,0,0,0,1,0,1,0,1,1,1,1,1,0,1,1,1,0,1,1,1,1,0,1
1022,1,1,1,0,0,0,1,0,1,0,1,1,1,1,1,1,1,1,1,1,1,0,0,0,0,0,1,0,1,0,1
1023,0,1,0,0,0,0,0,1,1,0,1,1,1,1,1,1,1,1,1,1,0,0,1,0,0,0,1,0,1,0,1
1024,1,1,0,0,0,0,0,1,1,0,1,1,1,1,1,1,1,1,1,1,0,1,1,1,0,0,0,1,1,0,1
1025,0,0,1,0,0,0,0,1,1,0,1,1,1,1,1,1,1,1,1,1,1,0,0,0,0,1,1,1,1,0,1
1026,0,0,1,0,1,1,0,1,0,1,0,0,1,1,1,1,1,1,1,1,0,0,1,0,0,1,1,0,0,1,1
1027,0,0,0,1,0,1,1,0,0,1,0,0,1,0,1,0,1,1,1,1,1,1,1,1,0,1,0,0,1,1,1
1028,0,0,0,1,0,1,1,0,0,1,0,0,1,0,1,0,1,1,1,1,1,1,1,1,0,0,1,0,1,1,1
1029,0,0,0,1,0,1,1,0,0,0,0,1,1,0,1,0,1,1,1,1,0,0,1,0,0,0,1,0,1,0,1
1030,1,1,1,0,0,0,1,0,0,0,0,1,1,1,1,1,1,1,1,1,0,1,0,1,0,1,0,0,1,0,1
1031,1,0,1,0,0,0,1,0,0,0,0,1,1,0,1,0,1,1,1,1,0,0,1,0,0,0,0,1,1,0,1
1032,0,0,0,1,0,1,0,0,1,0,1,0,0,1,0,1,0,1,0,1,0,1,1,1,0,1,1,1,1,0,1
1033,0,0,0,1,0,1,1,0,0,1,0,0,0,1,0,1,1,1,0,1,1,1,1,1,1,1,0,1,1,1,1
1034,0,0,0,1,0,0,0,1,1,0,1,1,1,1,1,1,1,1,1,1,1,1,1,1,0,1,1,1,1,0,1
1035,0,0,0,1,0,0,0,1,1,0,1,1,1,1,1,1,1,1,1,1,1,1,1,1,0,1,1,1,1,0,1
1036,0,0,0,1,0,0,0,1,1,0,1,1,1,1,1,1,1,1,1,1,1,1,1,1,0,1,1,1,1,0,1
1037,0,0,1,0,0,0,0,1,1,0,1,1,1,1,1,1,1,1,1,1,1,0,0,0,0,1,1,1,1,0,1
1038,1,1,1,0,0,0,1,0,1,0,1,1,1,1,1,1,1,1,1,1,0,1,0,1,0,0,0,1,1,0,1
1039,1,1,1,0,0,0,1,0,0,0,0,1,1,1,1,1,1,1,1,1,0,1,0,1,0,0,1,0,1,0,1
1040,0,0,0,1,0,1,0,0,1,0,1,0,0,1,0,1,1,0,1,1,0,1,1,1,0,1,1,1,1,0,1
1041,1,1,1,0,0,0,1,0,0,0,1,0,1,1,1,1,1,1,1,1,0,0,1,0,0,1,0,0,1,0,1
1042,1,1,1,0,1,1,0,0,1,0,0,1,1,1,1,1,1,1,1,1,0,0,1,0,0,0,0,1,1,0,1
1043,0,0,0,1,1,0,0,1,1,0,1,1,1,1,1,1,1,1,1,1,1,1,0,0,1,0,0,0,1,1,1
1044,1,1,1,0,0,0,0,1,1,0,1,1,1,1,1,1,1,1,1,1,0,1,0,1,0,0,1,0,1,0,1
1045,0,0,0,1,1,0,0,0,1,0,1,1,1,0,1,0,1,1,1,1,1,0,0,0,0,1,1,1,1,0,1
1046,1,1,1,0,1,1,0,0,0,0,1,0,1,1,1,1,1,1,1,1,0,0,1,0,1,0,0,0,1,0,1
1047,1,1,1,0,0,0,1,0,0,0,0,1,1,1,1,1,1,1,1,1,0,1,0,1,0,1,0,0,1,0,1
1048,0,0,1,0,1,0,0,1,0,1,0,0,1,1,1,1,1,1,1,1,0,0,1,0,0,0,1,0,1,0,1
1049,0,0,0,1,0,0,0,1,1,0,1,1,1,1,1,1,1,1,1,1,1,1,1,1,0,1,1,1,1,0,1
1050,1,1,1,0,0,0,1,0,1,0,1,1,1,1,1,1,1,1,1,1,1,0,0,0,0,0,1,0,1,0,1
1051,0,0,1,0,1,0,0,0,1,0,1,1,0,1,0,1,1,1,1,1,0,1,0,1,0,1,1,0,1,0,1
1052,1,1,0,0,0,0,0,1,1,0,1,1,1,1,1,1,1,1,1,1,0,1,1,1,0,0,0,1,1,0,1
1053,0,0,1,0,0,1,0,0,1,0,1,1,1,1,1,1,1,1,1,1,0,1,1,1,0,1,1,0,0,1,1
1054,1,1,0,0,0,0,0,1,1,0,1,1,1,1,1,1,1,1,1,1,1,0,0,0,0,0,0,1,1,0,1
1055,0,0,0,1,1,0,0,1,0,1,0,0,1,0,1,0,1,1,1,1,1,1,0,1,1,1,1,1,1,1,1
1056,0,0,0,1,1,0,0,1,1,0,1,1,1,0,1,0,1,1,1,1,1,0,0,0,0,1,1,1,0,1,1
1057,1,1,1,0,0,0,1,0,1,0,1,1,1,1,1,1,1,1,1,1,1,0,0,0,0,0,1,0,1,0,1
1058,0,0,1,0,1,0,0,0,1,0,1,1,1,0,1,0,1,1,1,1,0,1,0,1,0,1,1,0,1,0,1
1059,1,1,0,0,0,0,0,1,1,0,1,1,1,1,1,1,1,1,1,1,0,1,1,1,0,0,0,1,1,0,1
1060,0,0,0,1,0,0,0,1,1,0,1,1,1,1,1,1,1,1,1,1,1,1,1,1,0,1,1,1,1,0,1
1061,0,0,1,0,1,0,0,0,0,0,1,0,1,1,1,1,1,1,1,1,0,0,1,0,0,0,0,1,1,0,1
1062,1,1,1,0,0,0,1,0,1,0,1,1,1,1,1,1,1,1,1,1,0,1,0,1,0,0,0,1,1,0,1
1063,0,0,0,1,0,1,0,0,1,0,1,0,0,1,0,1,0,1,0,1,0,1,1,1,0,1,1,1,1,0,1
1064,1,1,1,0,0,0,1,0,1,0,1,1,1,1,1,1,1,1,1,1,1,0,0,0,0,0,1,0,1,0,1
1065,1,1,1,0,1,0,0,0,1,0,0,1,0,1,0,1,1,1,1,1,0,0,1,0,0,1,1,0,1,0,1
1066,0,0,0,1,1,0,0,1,0,1,0,0,1,0,1,0,1,1,1,1,0,0,1,0,1,0,0,0,1,1,1
1067,0,0,0,1,1,0,0,0,0,0,0,1,1,0,1,0,1,1,1,1,0,1,0,1,0,1,1,1,1,0,1
1068,0,0,1,0,0,0,0,1,1,0,1,1,1,1,1,1,0,1,1,1,0,1,1,1,0,0,0,1,1,0,1
1069,1,1,1,0,1,1,0,0,0,0,1,0,1,1,1,1,1,1,1,1,0,0,1,0,1,0,0,0,1,0,1
1070,0,0,0,1,1,0,0,1,1,0,0,1,1,0,1,0,1,1,1,1,0,1,1,1,0,0,1,0,0,1,1
1071,0,0,0,1,1,0,0,1,0,1,0,0,0,1,0,1,1,1,1,1,0,1,1,1,0,1,1,1,0,1,1
1072,1,1,1,0,0,0,1,0,0,0,0,1,1,1,1,1,1,1,1,1,0,0,1,0,0,0,1,0,1,0,1
1073,0,0,0,1,0,1,1,0,1,0,0,1,1,0,1,0,0,1,1,1,0,1,0,1,0,1,1,0,1,0,1
1074,0,0,1,0,1,1,0,1,0,1,0,0,1,1,1,1,1,1,1,1,0,0,1,0,0,1,1,0,0,1,1
1075,0,0,0,1,0,1,1,0,1,0,1,1,1,0,1,0,1,1,1,1,1,0,0,0,0,1,1,1,1,1,1
1076,0,0,0,1,0,0,0,1,1,0,1,1,1,1,1,1,1,1,1,1,1,1,1,1,0,1,1,1,1,0,1
1077,1,1,1,0,1,0,0,1,1,0,1,1,1,0,1,0,1,1,0,1,0,1,1,1,1,0,0,1,0,1,1
1078,1,0,1,0,0,0,1,0,0,0,0,1,1,0,1,0,1,1,1,1,0,0,1,0,0,0,0,1,1,0,1
1079,0,0,1,0,0,1,0,0,1,0,0,1,1,0,1,0,1,1,1,1,0,1,1,1,0,0,1,0,1,0,1
1080,1,1,0,0,0,0,1,0,1,0,1,1,1,1,1,1,1,1,1,1,1,0,0,0,1,0,0,1,1,1,1
1081,0,0,0,1,0,0,0,1,1,0,1,1,1,1,1,1,1,1,1,1,1,1,1,1,0,1,1,1,1,0,1
1082,0,0,1,0,0,0,0,1,1,0,1,1,1,1,1,1,1,1,1,1,1,0,0,0,0,1,1,1,1,0,1
1083,0,0,1,0,0,0,0,1,1,0,1,1,1,1,1,1,1,1,1,1,1,0,0,0,0,1,1,1,1,0,1
1084,1,1,1,0,1,1,0,0,1,0,0,1,1,1,1,1,1,1,1,1,0,0,1,0,1,0,0,0,1,0,1
1085,0,0,1,0,1,0,0,1,0,1,0,0,1,1,1,1,1,1,1,1,0,0,1,0,0,0,1,0,1,0,1
1086,1,1,0,0,0,0,0,1,1,0,1,1,1,1,1,1,1,1,1,1,1,0,0,0,0,0,0,1,1,0,1
1087,0,0,0,1,0,1,1,0,1,0,0,1,1,0,1,0,0,1,1,1,0,1,0,1,0,1,1,0,1,0,1
1088,0,0,0,1,0,1,1,0,1,0,1,0,1,0,1,0,1,1,0,1,0,0,1,0,0,1,1,0,1,0,1
1089,1,1,0,0,1,1,0,0,1,0,0,1,1,0,1,0,1,1,1,1,0,1,0,1,1,0,0,0,1,0,1
1090,0,1,0,0,0,1,0,0,1,0,0,1,1,1,1,1,1,1,1,1,0,1,0,1,0,1,0,0,1,0,1
1091,1,1,1,0,0,0,1,0,0,0,0,1,1,1,1,1,1,1,1,1,0,0,1,0,0,0,1,0,1,0,1
1092,1,1,1,0,0,0,1,0,0,0,1,0,1,1,1,1,1,1,1,1,0,0,1,0,0,0,1,0,1,0,1
1093,1,1,1,0,0,0,1,0,1,0,1,0,1,1,1,1,1,1,1,1,0,1,0,1,0,1,1,0,1,0,1
1094,0,0,1,0,1,0,0,1,0,1,0,0,1,0,1,1,1,1,1,1,0,1,0,1,1,0,0,1,1,1,1
1095,1,1,1,0,0,0,1,0,0,0,0,1,1,1,1,1,1,1,1,1,0,0,1,0,0,1,0,0,1,0,1
1096,1,1,1,0,0,0,1,0,1,0,1,1,1,1,1,1,1,1,1,1,0,1,0,1,0,0,0,1,1,0,1
1097,1,1,1,0,0,0,1,0,1,0,1,0,1,1,1,1,1,1,1,1,0,1,0,1,0,1,1,0,1,0,1
1098,1,1,0,0,1,0,0,0,1,0,1,1,1,1,1,1,1,1,1,1,0,1,0,1,0,1,1,0,1,0,1
1099,1,1,0,0,0,0,1,0,1,0,1,1,1,1,1,1,1,1,1,1,0,1,1,1,1,0,0,1,0,1,1
1100,1,1,0,0,0,0,0,1,1,0,1,1,1,1,1,1,1,1,1,1,1,0,0,0,0,0,1,0,1,0,1
1101,1,1,0,0,0,0,0,1,1,0,1,1,1,1,1,1,1,1,1,1,1,0,0,0,0,0,0,1,1,0,1
1102,1,1,1,0,0,0,1,0,0,0,0,1,1,1,1,1,1,1,1,1,0,0,1,0,0,1,0,0,1,0,1
1103,1,1,1,0,0,0,1,0,1,0,1,0,1,1,1,1,1,1,1,1,0,0,1,0,0,0,0,1,1,0,1
1104,1,1,1,0,1,0,0,1,1,0,1,1,1,0,1,0,1,1,0,1,0,1,1,1,1,0,0,1,0,1,1
1105,1,0,1,0,0,1,0,0,0,0,1,0,1,0,1,0,1,1,1,1,0,1,0,1,0,0,1,0,1,0,1
1106,0,0,0,1,0,1,1,0,1,0,1,1,1,0,1,0,1,1,1,1,1,0,0,0,0,1,1,1,1,1,1
1107,0,0,0,1,0,1,1,0,0,1,0,0,1,0,1,0,1,1,1,1,1,1,1,1,0,1,0,0,1,1,1
1108,1,1,1,0,1,1,0,0,0,0,1,0,1,1,1,1,1,1,1,1,0,1,0,1,1,0,0,0,1,0,1
1109,0,0,1,0,0,0,0,1,1,0,1,1,1,1,1,1,1,1,1,1,1,0,0,0,0,1,1,1,1,0,1
1110,0,0,1,0,1,1,0,1,0,1,0,0,1,0,1,1,1,1,1,0,0,1,0,1,0,0,1,0,1,0,1
1111,1,1,0,0,0,0,0,1,1,0,1,1,1,1,1,1,1,1,1,1,1,0,0,0,0,0,1,0,1,0,1
1112,1,1,1,0,0,0,1,0,0,0,0,1,1,1,1,1,1,1,1,1,0,0,1,0,0,0,1,0,1,0,1
1113,0,1,0,0,0,1,0,0,0,0,1,0,1,1,1,1,1,1,0,1,0,0,1,0,0,1,0,0,1,0,1
1114,1,1,1,0,0,0,1,0,0,0,0,1,1,1,1,1,1,1,1,1,0,0,1,0,0,0,1,0,1,0,1
1115,1,1,0,0,0,0,0,1,1,0,1,1,1,1,1,1,1,1,1,1,0,1,1,1,0,0,0,1,1,0,1
1116,1,1,0,0,0,0,0,1,1,0,1,1,1,1,1,1,1,1,1,1,1,0,0,0,0,0,1,0,1,0,1
1117,1,1,0,0,0,0,0,1,1,0,1,1,1,1,1,1,1,1,1,1,0,1,1,1,0,0,0,1,1,0,1
1118,1,1,0,0,0,0,0,1,1,0,1,1,1,1,1,1,1,1,1,1,1,0,0,0,0,0,0,1,1,0,1
1119,0,0,1,0,1,0,0,0,1,0,1,1,0,1,0,1,1,1,1,1,0,1,0,1,0,1,1,0,1,0,1
1120,0,0,1,0,0,1,0,0,0,0,1,0,1,0,1,0,1,1,1,1,0,0,1,0,0,0,0,1,1,0,1
1121,0,0,0,1,0,1,1,0,1,0,1,1,1,0,1,0,1,1,1,1,0,1,1,1,0,1,1,0,0,1,1
1122,1,1,1,0,0,0,1,0,0,0,0,1,1,1,1,1,1,1,1,1,0,1,0,1,0,0,1,0,1,0,1
1123,0,0,0,1,0,1,1,0,1,0,1,1,0,1,0,1,1,1,1,1,0,1,1,1,0,1,1,1,0,1,1
1124,0,0,1,0,1,1,0,1,0,1,0,0,1,0,1,0,1,1,1,1,0,0,1,0,0,0,0,1,1,0,1
1125,0,0,0,1,0,1,1,0,0,0,1,0,1,0,1,0,0,1,1,1,0,1,0,1,0,1,0,0,1,0,1
1126,0,0,1,0,0,0,0,1,1,0,1,1,1,1,1,1,1,1,1,1,1,0,0,0,0,1,1,1,1,0,1
1127,0,0,0,1,1,0,0,1,0,1,0,0,0,1,0,1,1,1,1,1,0,1,1,1,1,0,0,0,1,1,1
1128,0,0,0,1,0,0,0,1,1,0,1,1,1,1,1,1,1,1,1,1,1,1,1,1,0,1,1,1,1,0,1
1129,1,1,0,0,0,0,0,1,1,0,1,1,1,1,1,1,1,1,1,1,1,0,0,0,0,0,1,0,1,0,1
1130,1,1,1,0,1,1,0,0,1,0,0,1,1,1,1,1,1,1,1,1,0,0,1,0,0,0,0,1,1,0,1
1131,0,0,0,1,1,0,0,0,1,0,1,1,1,0,1,0,1,1,1,1,1,0,0,0,0,1,1,1,1,0,1
1132,0,0,0,1,0,0,0,1,1,0,1,1,1,1,1,1,1,1,1,1,1,1,1,1,0,1,1,1,1,0,1
1133,0,1,0,0,0,0,1,0,0,0,0,1,1,1,1,1,1,1,1,1,0,0,1,0,0,0,0,1,1,0,1
1134,1,1,1,0,0,0,1,0,0,0,0,1,1,1,1,1,1,1,1,1,0,0,1,0,0,0,1,0,1,0,1
1135,1,1,1,0,1,1,0,0,0,0,1,0,1,1,1,1,1,1,1,1,0,1,0,1,0,0,0,1,1,0,1
1136,1,1,1,0,0,0,1,0,0,0,0,1,1,1,1,1,1,1,1,1,0,1,0,1,0,1,0,0,1,0,1
1137,1,1,1,0,0,0,1,0,1,0,1,1,1,1,1,1,1,1,1,1,0,1,0,1,0,0,0,1,1,0,1
1138,0,0,0,1,0,1,1,0,1,0,1,1,0,1,0,1,1,1,1,1,1,0,0,0,1,1,1,1,1,1,1
1139,0,0,0,1,0,1,1,0,1,0,1,1,0,1,0,1,1,1,1,1,0,1,1,1,1,0,0,0,1,1,1
1140,1,1,1,0,1,1,0,0,1,0,0,1,1,1,1,1,1,1,1,1,0,0,1,0,0,0,0,1,1,0,1
1141,0,0,0,1,0,0,0,1,1,0,1,1,1,1,1,1,1,1,1,1,1,1,1,1,0,1,1,1,1,0,1
1142,0,0,0,1,1,0,0,0,0,0,1,0,0,0,0,1,1,1,1,1,0,1,1,1,0,1,1,1,1,0,1
1143,0,0,1,0,0,0,0,1,1,0,1,1,1,1,1,1,1,1,1,1,1,0,0,0,0,1,1,1,1,0,1
1144,0,0,1,0,0,0,0,1,1,0,1,1,1,1,1,1,1,1,1,1,1,0,0,0,0,1,1,1,1,0,1
1145,0,0,0,1,0,0,0,1,1,0,1,1,1,1,1,1,1,1,1,1,1,1,1,1,0,1,1,1,1,0,1
1146,1,1,1,0,0,1,0,0,1,0,1,0,1,1,1,1,1,1,1,0,0,1,1,1,1,0,0,1,0,1,1
1147,0,0,0,1,0,0,0,1,1,0,1,1,1,1,1,1,1,1,1,1,1,1,1,1,0,1,1,1,1,0,1
1148,1,1,1,0,0,0,1,0,1,0,1,1,1,1,1,1,1,1,1,1,0,1,0,1,0,0,0,1,1,0,1
1149,1,1,1,0,0,0,0,1,1,0,1,1,1,1,1,1,1,1,1,1,0,0,1,0,0,1,0,0,1,0,1
1150,1,1,1,0,0,0,1,0,0,0,1,0,1,1,1,1,1,1,1,1,0,0,1,0,0,0,1,0,1,0,1
1151,1,1,1,0,0,0,1,0,0,0,0,1,1,1,1,1,1,1,1,1,0,0,1,0,0,0,1,0,1,0,1
1152,0,0,0,1,0,0,0,1,1,0,1,1,1,1,1,1,1,1,1,1,1,1,1,1,0,1,1,1,1,0,1
1153,1,1,0,0,1,1,0,0,0,0,1,0,1,1,1,1,1,1,1,1,0,0,1,0,0,0,0,1,1,0,1
1154,1,1,0,0,0,0,1,0,0,1,0,0,1,1,1,1,1,1,1,1,0,0,1,0,0,0,1,0,1,1,1
1155,1,1,0,0,0,0,0,1,1,0,1,1,1,1,1,1,1,1,1,1,0,1,1,1,0,0,0,1,1,0,1
1156,1,1,1,0,0,0,1,0,1,0,1,1,1,1,1,1,1,1,1,1,0,1,0,1,0,0,0,1,1,0,1
1157,1,1,1,0,0,0,1,0,1,0,1,1,1,1,1,1,1,1,1,1,0,1,1,1,0,1,1,0,0,1,1
1158,0,0,0,1,0,1,1,0,0,1,0,0,1,0,1,0,1,1,1,1,0,0,1,1,1,0,0,1,1,1,1
1159,0,0,0,1,0,1,1,0,0,0,0,1,0,1,0,1,1,1,1,1,0,1,1,1,0,1,1,1,1,0,1
1160,1,1,1,0,0,0,1,0,0,0,0,1,1,1,1,1,1,1,1,1,0,0,1,0,0,0,1,0,1,0,1
1161,1,1,0,0,0,0,0,1,1,0,1,1,1,1,1,1,1,1,1,1,1,0,0,0,0,0,0,1,1,0,1
1162,1,1,1,0,1,1,0,1,0,1,0,0,0,1,0,0,1,1,1,1,0,1,0,1,0,1,1,1,1,0,1
1163,0,0,0,1,0,1,1,0,0,0,0,1,0,1,0,1,1,1,1,1,0,1,1,1,0,1,1,1,1,0,1
1164,0,0,0,1,0,1,1,0,0,0,0,1,0,1,0,1,1,1,1,1,0,1,1,1,0,1,1,1,1,0,1
1165,0,0,1,0,0,0,0,1,1,0,1,1,1,1,1,1,1,1,1,1,1,0,0,0,0,1,1,1,1,0,1
1166,1,1,1,0,0,0,1,0,1,0,1,1,1,1,1,1,1,1,1,1,0,1,1,1,0,1,1,0,0,1,1
1167,0,0,0,1,0,1,1,0,0,0,0,1,1,0,1,0,1,1,1,1,0,0,1,0,0,0,1,0,1,0,1
1168,0,0,1,0,1,0,0,0,0,0,1,0,1,1,1,1,1,1,1,1,0,0,1,0,0,0,0,1,1,0,1
1169,1,1,1,0,1,0,0,0,1,0,0,1,1,0,1,0,1,1,1,1,0,0,1,0,0,1,1,0,1,0,1
1170,0,0,0,1,1,0,0,1,0,1,0,0,1,0,1,0,1,1,1,1,0,0,1,0,1,0,0,0,1,1,1
1171,0,0,0,1,0,1,1,0,0,1,0,0,1,0,1,0,1,1,1,1,0,0,1,1,1,0,0,1,1,1,1
1172,0,0,1,0,0,0,1,0,1,0,1,1,1,1,1,1,1,1,1,1,0,1,1,1,1,0,0,1,0,1,1
1173,1,1,1,0,1,1,0,0,1,0,0,1,1,1,1,1,1,1,1,1,0,0,1,0,0,0,0,1,1,0,1
1174,1,1,0,0,0,0,1,0,0,1,0,0,1,1,1,1,1,1,1,1,0,0,1,0,1,0,0,1,1,1,1
1175,1,1,1,0,0,1,0,0,0,1,0,0,1,1,1,1,1,1,1,1,0,0,1,0,1,0,0,1,0,1,1
1176,1,1,1,0,1,1,0,1,0,1,0,0,0,1,0,0,1,1,1,1,0,1,0,1,0,1,1,1,1,0,1
1177,0,0,0,1,1,0,0,0,0,0,1,0,0,1,0,0,1,1,1,1,0,1,1,1,0,1,1,1,1,0,1
1178,1,1,1,0,0,0,1,0,1,0,1,1,1,1,1,1,1,1,1,1,0,1,0,1,0,0,0,1,1,0,1
1179,1,1,1,0,0,0,1,0,0,1,0,0,1,0,1,0,1,1,1,1,1,1,0,1,1,1,1,1,1,1,1
1180,0,1,0,0,0,0,1,0,0,0,0,1,1,1,1,1,1,1,1,1,0,0,1,0,0,0,0,1,1,0,1
1181,0,0,0,1,0,1,1,0,0,1,0,0,1,0,1,0,1,1,1,1,1,1,1,1,0,1,0,0,1,1,1
1182,1,1,1,0,0,0,1,0,0,0,0,1,1,1,1,1,1,1,1,1,0,1,0,1,0,0,1,0,1,0,1
1183,0,0,0,1,0,0,0,1,1,0,1,1,1,1,1,1,1,1,1,1,1,1,1,1,0,1,1,1,1,0,1
1184,0,1,0,0,0,0,1,0,0,0,0,1,1,1,1,1,1,1,1,1,0,0,1,0,0,0,0,1,1,0,1
1185,0,0,1,0,0,0,1,0,0,1,0,0,1,1,1,1,1,1,1,1,0,0,1,0,1,0,0,1,1,1,1
1186,1,1,0,0,0,0,0,1,1,0,1,1,1,1,1,1,1,1,1,1,1,0,0,0,0,0,0,1,1,0,1
1187,1,1,0,0,1,1,0,0,0,0,1,0,1,1,1,1,1,1,1,1,0,0,1,0,0,0,0,1,1,0,1
1188,1,1,0,0,0,0,0,1,1,0,1,1,1,1,1,1,1,1,1,1,1,0,0,0,0,0,1,0,1,0,1
1189,1,0,1,0,0,0,1,0,0,0,0,1,1,0,1,0,1,1,1,1,0,0,1,0,0,0,0,1,1,0,1
1190,1,1,1,0,0,0,1,0,0,0,0,1,1,1,1,1,1,1,1,1,0,1,0,1,0,1,0,0,1,0,1
1191,1,1,0,0,0,0,0,1,1,0,1,1,1,1,1,1,1,1,1,1,0,1,1,1,0,0,0,1,1,0,1
1192,0,1,0,0,0,1,0,0,1,0,0,1,1,1,1,1,1,1,1,1,0,1,0,1,0,1,0,0,1,0,1
1193,0,0,0,1,0,0,0,1,1,0,1,1,1,1,1,1,1,1,1,1,1,1,1,1,0,1,1,1,1,0,1
1194,0,0,0,1,0,0,0,1,1,0,1,1,1,1,1,1,1,1,1,1,1,1,1,1,0,1,1,1,1,0,1
1195,1,1,0,0,0,0,0,1,1,0,1,1,1,1,1,1,1,1,1,1,0,1,1,1,0,0,0,1,1,0,1
1196,1,1,0,0,1,1,0,1,0,1,0,0,1,1,1,1,1,1,1,1,0,0,1,0,1,0,0,1,1,0,1
1197,1,1,1,0,0,0,1,0,1,0,1,0,1,1,1,1,1,1,1,1,0,1,0,1,0,1,1,0,1,0,1
1198,0,0,0,1,0,1,1,0,1,0,1,1,1,0,1,0,1,1,1,1,1,0,0,0,1,0,0,0,1,1,1
1199,0,0,1,0,0,0,1,0,1,0,1,1,1,1,1,1,1,1,1,1,1,0,0,0,1,0,0,1,1,1,1
1200,1,1,1,0,1,1,0,0,0,0,1,0,1,1,1,1,1,1,1,1,0,0,1,0,1,0,0,0,1,0,1
1201,1,1,0,0,0,0,0,1,1,0,1,1,1,1,1,1,1,1,1,1,1,0,0,0,0,1,0,0,1,0,1
1202,0,0,0,1,1,0,0,0,1,0,0,1,0,1,0,1,1,1,1,1,0,1,1,1,0,1,1,0,1,0,1
1203,0,0,0,1,1,0,0,1,1,0,1,1,1,1,1,1,1,1,1,1,1,1,0,0,1,0,0,0,1,1,1
1204,0,0,1,0,1,1,0,1,0,1,0,0,1,1,1,1,1,1,1,1,0,0,1,0,0,1,0,0,1,0,1
1205,0,0,1,0,1,0,0,1,1,0,1,1,1,1,1,1,1,1,0,1,0,1,1,1,0,1,1,0,0,1,1
1206,0,0,0,1,1,0,0,1,0,1,0,0,0,1,0,1,1,1,1,1,0,1,1,1,0,1,1,1,1,0,1
1207,1,1,0,0,0,0,0,1,1,0,1,1,1,1,1,1,1,1,1,1,1,0,0,0,0,0,0,1,1,0,1
1208,0,0,0,1,1,0,0,0,1,0,0,1,1,0,1,0,1,1,1,1,0,0,1,0,0,1,0,1,1,0,1
1209,0,0,0,1,0,0,0,1,1,0,1,1,1,1,1,1,1,1,1,1,1,1,1,1,0,1,1,1,1,0,1
1210,1,1,1,0,0,0,1,0,1,0,1,0,1,1,1,1,1,1,1,1,0,0,1,0,0,0,0,1,1,0,1
1211,0,0,0,1,1,0,0,1,0,1,0,0,1,0,1,0,1,1,1,1,1,1,0,1,1,1,1,1,1,1,1
1212,0,1,0,0,0,1,0,0,1,0,0,1,1,1,1,1,1,1,1,1,0,0,1,0,0,1,0,0,1,0,1
1213,0,0,1,0,0,0,0,1,1,0,1,1,1,1,1,1,1,0,1,1,0,1,1,1,1,0,0,1,1,0,1
1214,0,0,0,1,0,0,0,1,1,0,1,1,1,1,1,1,1,1,1,1,1,1,1,1,0,1,1,1,1,0,2
1215,0,0,1,0,0,0,0,1,1,0,1,1,1,1,1,1,1,1,1,1,1,0,0,0,0,1,1,1,1,0,2
1216,1,0,1,0,0,0,0,1,1,0,1,1,1,1,1,1,1,1,1,1,0,0,1,0,0,0,1,0,1,0,2
1217,0,0,0,1,0,0,0,1,1,0,1,1,1,1,1,1,1,1,1,1,1,1,1,1,0,1,1,1,1,0,2
1218,0,0,0,1,0,1,1,0,0,0,0,1,0,1,0,1,1,1,1,1,0,1,1,1,0,1,1,1,1,0,2
1219,1,1,0,0,0,0,0,1,1,0,1,1,1,1,1,1,1,1,1,1,1,0,0,0,0,0,1,0,1,0,2
1220,1,1,0,0,0,0,1,0,1,0,1,1,1,1,1,1,1,1,1,1,1,0,0,0,1,0,0,1,1,1,2
1221,1,1,0,0,0,0,0,1,1,0,1,1,1,1,1,1,1,1,1,1,1,0,0,0,0,0,1,0,1,0,2
1222,0,0,1,0,0,0,0,1,1,0,1,1,1,1,1,1,1,1,1,1,1,0,0,0,0,1,1,1,1,0,2
1223,0,0,0,1,0,1,1,0,0,1,0,0,1,0,1,0,1,1,1,1,1,1,1,1,0,0,1,0,1,1,2
1224,0,0,0,1,0,0,0,1,1,0,1,1,1,1,1,1,1,1,1,1,1,1,1,1,0,1,1,1,1,0,2
1225,0,0,1,0,1,1,0,1,0,1,0,0,1,0,1,0,1,1,1,1,0,0,1,0,0,0,0,1,1,0,2
1226,0,0,1,0,0,0,0,1,1,0,1,1,1,1,1,1,1,1,1,1,1,0,0,0,0,1,1,1,1,0,2
1227,1,1,0,0,1,1,0,0,1,0,1,1,1,1,1,1,1,1,1,1,1,0,0,0,0,0,0,1,1,0,2
1228,0,0,0,1,0,0,0,1,1,0,1,1,1,1,1,1,1,1,1,1,1,1,1,1,0,1,1,1,1,0,2
1229,1,1,1,0,0,0,1,0,1,0,1,0,1,1,1,1,1,1,1,1,0,0,1,0,0,0,0,1,1,0,2
1230,0,0,1,0,0,0,0,1,1,0,1,1,1,1,1,1,1,1,1,1,1,0,0,0,0,1,1,1,1,0,2
1231,1,1,0,0,0,0,0,1,1,0,1,1,1,1,1,1,1,1,1,1,1,0,0,0,0,0,1,0,1,0,2
1232,1,1,0,0,0,0,0,1,1,0,1,1,1,1,1,1,1,1,1,1,1,0,0,0,0,0,0,1,1,0,2
1233,0,0,1,0,0,0,0,1,1,0,1,1,1,1,1,1,0,1,1,1,0,1,1,1,1,0,0,0,1,0,2
1234,0,0,1,0,0,0,0,1,1,0,1,1,1,1,1,1,0,1,1,1,0,1,1,1,0,0,0,1,1,0,2
1235,1,1,1,0,0,0,1,0,0,0,0,1,1,1,1,1,1,1,1,1,0,1,0,1,0,0,1,0,1,0,2
1236,0,0,0,1,1,0,0,0,1,0,0,1,0,1,0,1,1,1,1,1,1,0,0,0,0,1,1,1,1,0,2
1237,1,1,0,0,0,0,0,1,1,0,1,1,1,1,1,1,1,1,1,1,1,0,0,0,0,0,0,1,1,0,2
1238,1,1,1,0,0,0,1,0,0,0,0,1,1,1,1,1,1,1,1,1,0,0,1,0,0,0,1,0,1,0,2
1239,0,0,0,1,0,0,0,1,1,0,1,1,1,1,1,1,1,1,1,1,1,1,1,1,0,1,1,1,1,0,2
1240,1,1,1,0,0,0,1,0,0,0,1,0,1,1,1,1,1,1,1,1,0,0,1,0,0,0,1,0,1,0,2
1241,1,1,1,0,0,0,1,0,1,0,0,0,1,1,1,1,1,1,1,1,0,0,1,0,0,1,1,0,1,0,2
1242,0,0,1,0,1,1,0,0,1,0,1,1,1,1,1,1,1,1,1,1,1,0,0,0,0,1,1,1,1,0,2
1243,1,1,0,0,0,0,0,1,1,0,1,1,1,1,1,1,1,1,1,0,0,1,0,1,0,1,0,0,1,0,2
1244,0,0,1,0,0,0,1,0,1,0,1,1,1,1,1,1,1,1,1,1,1,0,0,0,1,0,0,1,1,1,2
1245,1,1,1,0,0,0,1,0,0,0,0,1,1,1,1,1,1,1,1,1,0,1,0,1,0,0,1,0,1,0,2
1246,1,1,0,0,0,0,0,1,1,0,1,1,1,1,1,1,1,1,1,1,1,0,0,0,0,0,0,1,1,0,2
1247,0,0,0,1,1,0,0,0,0,0,1,0,0,1,0,1,1,1,1,1,1,0,0,0,0,1,1,1,1,0,2
1248,0,0,0,1,0,1,1,0,1,0,1,1,1,0,1,0,1,1,1,1,1,0,0,0,1,0,0,0,1,1,2
1249,1,1,0,0,0,0,0,1,1,0,1,1,1,1,1,1,1,1,1,1,0,1,1,1,0,0,0,1,1,0,2
1250,0,1,0,0,0,0,0,1,1,0,1,1,1,1,1,1,1,1,1,1,0,0,1,0,0,0,1,0,1,0,2
1251,1,1,1,0,0,0,1,0,0,0,0,1,1,1,1,1,1,1,1,1,0,0,1,0,0,0,1,0,1,0,2
1252,1,1,0,0,0,0,1,0,1,0,1,1,1,1,1,1,1,1,1,1,1,0,0,0,1,0,0,1,1,1,2
1253,1,1,1,0,0,0,0,1,1,0,1,1,1,1,1,1,1,1,1,1,0,1,0,1,0,0,1,0,1,0,2
1254,0,0,1,0,0,0,0,1,1,0,1,1,1,1,1,1,1,1,1,1,1,0,0,0,0,1,1,1,1,0,2
1255,1,1,0,0,0,0,1,0,1,0,1,1,1,1,1,1,1,1,1,1,1,0,0,0,1,0,0,1,1,1,2
1256,0,0,0,1,0,0,0,1,1,0,1,1,1,1,1,1,1,1,1,1,1,1,1,1,0,1,1,1,1,0,2
1257,0,0,0,1,0,0,0,1,1,0,1,1,1,1,1,1,1,1,1,1,1,1,1,1,0,1,1,1,1,0,2
1258,1,1,1,0,0,0,1,0,1,0,1,1,1,1,1,1,1,1,1,1,1,0,0,0,0,0,1,0,1,0,2
1259,1,1,0,0,0,0,0,1,1,0,1,1,1,1,1,1,1,1,1,1,1,0,0,0,0,0,0,1,1,0,2
1260,0,0,1,0,0,0,0,1,1,0,1,1,1,1,1,1,1,1,1,1,1,0,0,0,0,1,1,1,1,0,2
1261,1,1,0,0,0,0,0,1,1,0,1,1,1,1,1,1,1,1,1,1,1,0,0,0,0,0,0,1,1,0,2
1262,1,1,1,0,0,0,0,1,1,0,1,1,1,1,1,1,1,1,1,1,0,1,0,1,0,0,1,0,1,0,2
1263,0,0,0,1,0,0,0,1,1,0,1,1,1,1,1,1,1,1,1,1,1,1,1,1,0,1,1,1,1,0,2
1264,0,0,1,0,0,0,0,1,1,0,1,1,1,1,1,1,1,1,1,1,1,0,0,0,0,1,1,1,1,0,2
1265,0,0,1,0,0,1,0,0,1,0,0,1,1,1,1,1,1,0,1,1,0,0,1,0,0,1,0,0,1,0,2
1266,0,0,1,0,0,0,0,1,1,0,1,1,1,1,1,1,0,1,1,1,0,1,1,1,0,0,0,1,1,0,2
1267,0,0,1,0,0,0,0,1,1,0,1,1,1,1,1,1,0,1,1,1,0,1,1,1,0,0,0,1,1,0,2
1268,0,1,0,0,0,0,0,1,1,0,1,1,1,1,1,1,1,1,1,1,0,0,1,0,0,0,1,0,1,0,2
1269,0,0,1,0,1,1,0,1,0,1,0,0,1,0,1,1,1,1,1,1,0,1,0,1,0,1,0,0,1,0,2
1270,0,0,0,1,0,0,0,1,1,0,1,1,1,1,1,1,1,1,1,1,1,1,1,1,0,1,1,1,1,0,2
1271,0,0,1,0,1,1,0,1,0,1,0,0,1,0,1,0,1,1,1,1,0,0,1,0,1,0,0,0,1,0,2
1272,1,1,1,0,0,0,0,1,1,0,1,1,1,1,1,1,1,1,1,1,0,0,1,0,0,1,0,0,1,0,2
1273,1,1,1,0,0,0,1,0,1,0,1,1,1,1,1,1,1,1,1,1,1,0,0,0,0,0,1,0,1,0,2
1274,1,1,1,0,0,0,1,0,0,0,1,0,1,1,1,1,1,1,1,1,0,0,1,0,0,0,1,0,1,0,2
1275,1,1,1,0,0,1,0,0,1,0,1,1,1,1,1,1,1,1,0,1,0,1,1,1,1,0,0,1,0,1,2
1276,1,0,1,0,0,0,0,1,1,0,1,1,1,1,1,1,1,1,1,1,0,0,1,0,0,0,1,0,1,0,2
1277,1,1,0,0,0,0,1,0,1,0,1,1,1,1,1,1,1,1,1,1,1,0,0,0,1,0,0,1,1,1,2
1278,0,0,1,0,0,0,0,1,1,0,1,1,1,1,1,1,0,1,1,1,0,1,1,1,0,0,0,1,1,0,2
1279,0,0,1,0,0,0,0,1,1,0,1,1,1,1,1,1,1,0,1,1,0,1,1,1,1,0,0,1,1,0,2
1280,1,1,1,0,0,0,1,0,1,0,1,1,1,1,1,1,1,1,1,1,1,0,0,0,0,0,1,0,1,0,2
1281,0,0,0,1,0,0,0,1,1,0,1,1,1,1,1,1,1,1,1,1,1,1,1,1,0,1,1,1,1,0,2
1282,0,0,0,1,0,1,1,0,1,0,1,0,1,0,1,0,1,1,1,0,0,0,1,0,0,1,1,0,1,0,2
1283,0,0,0,1,0,1,1,0,0,0,0,1,1,0,1,0,1,1,1,1,0,0,1,0,0,1,0,0,1,0,2
1284,1,1,0,0,0,0,0,1,1,0,1,1,1,1,1,1,1,1,1,1,0,1,1,1,0,0,0,1,1,0,2
1285,0,0,0,1,0,0,0,1,1,0,1,1,1,1,1,1,1,1,1,1,1,1,1,1,0,1,1,1,1,0,2
1286,0,0,1,0,0,0,1,0,1,0,1,1,1,1,1,1,1,1,1,1,1,0,0,0,1,0,0,1,1,1,2
1287,1,1,1,0,0,0,0,1,1,0,1,1,1,1,1,1,1,1,1,1,0,1,0,1,0,0,1,0,1,0,2
1288,1,1,1,0,0,0,1,0,0,0,0,1,1,1,1,1,1,1,1,1,0,1,0,1,0,0,1,0,1,0,2
1289,0,0,1,0,0,1,0,0,1,0,0,1,1,0,1,0,0,1,1,1,0,1,1,1,0,1,0,0,1,0,2
1290,1,1,0,0,1,1,0,1,0,1,0,0,1,1,1,1,1,1,1,1,0,0,1,0,1,0,0,1,1,0,2
1291,1,1,0,0,0,0,0,1,1,0,1,1,1,1,1,1,1,1,1,1,1,0,0,0,0,0,0,1,1,0,2
1292,0,0,0,1,0,1,1,0,0,0,0,1,0,1,0,1,1,1,1,1,0,1,1,1,0,1,1,1,1,0,2
1293,1,1,1,0,0,0,1,0,0,0,0,1,1,1,1,1,1,1,1,1,0,0,1,0,0,0,1,0,1,0,2
1294,1,1,0,0,0,0,0,1,1,0,1,1,1,1,1,1,1,1,1,1,0,1,1,1,0,0,0,1,1,0,2
1295,0,0,1,0,1,1,0,1,0,1,0,0,0,1,0,0,1,1,1,1,0,1,0,1,0,1,1,1,0,1,2
1296,0,0,1,0,0,0,0,1,1,0,1,1,1,1,1,1,1,0,1,1,0,1,1,1,1,0,0,1,1,0,2
1297,0,0,1,0,0,0,0,1,1,0,1,1,1,1,1,1,1,1,1,1,1,0,0,0,0,1,1,1,1,0,2
1298,1,0,1,0,0,0,1,0,0,0,0,1,1,0,1,0,1,1,1,1,0,0,1,0,0,0,0,1,1,0,2
1299,1,1,0,0,0,0,0,1,1,0,1,1,1,1,1,1,1,1,1,1,1,0,0,0,0,0,1,0,1,0,2
1300,0,0,0,1,0,0,0,1,1,0,1,1,1,1,1,1,1,1,1,1,1,1,1,1,0,1,1,1,1,0,2
1301,1,1,1,0,0,0,1,0,1,0,1,0,1,1,1,1,1,1,1,1,0,0,1,0,0,0,0,1,1,0,2
1302,0,0,1,0,0,0,0,1,1,0,1,1,1,1,1,1,0,1,1,1,0,1,1,1,0,0,0,1,1,0,2
1303,0,0,0,1,0,0,0,1,1,0,1,1,1,1,1,1,1,1,1,1,1,1,1,1,0,1,1,1,1,0,2
1304,1,0,1,0,0,0,0,1,1,0,1,1,1,1,1,1,1,1,1,1,0,0,1,0,0,0,1,0,1,0,2
1305,1,1,1,0,0,0,1,0,1,0,1,1,1,1,1,1,1,1,1,1,1,0,0,0,0,0,1,0,1,0,2
1306,0,0,1,0,0,0,0,1,1,0,1,1,1,1,1,1,0,1,1,1,0,1,1,1,0,0,0,1,1,0,2
1307,0,0,0,1,0,0,0,1,1,0,1,1,1,1,1,1,1,1,1,1,1,1,1,1,0,1,1,1,1,0,2
1308,0,0,0,1,0,1,1,0,1,0,1,1,1,0,1,0,1,1,1,1,1,0,0,0,0,1,1,1,1,1,2
1309,0,0,1,0,0,0,0,1,1,0,1,1,1,1,1,1,1,0,1,1,0,1,1,1,1,0,0,1,1,0,2
1310,0,0,1,0,0,0,0,1,1,0,1,1,1,1,1,1,1,0,1,1,0,1,1,1,1,0,0,1,1,0,2
1311,0,0,0,1,0,0,1,0,1,0,1,0,0,1,0,1,1,0,1,1,0,0,1,0,0,1,1,1,1,0,2
1312,0,0,0,1,0,1,1,0,1,0,1,1,1,0,1,0,1,0,1,1,0,1,0,1,0,1,1,0,1,0,2
1313,0,0,0,1,0,0,0,1,1,0,1,1,1,1,1,1,1,1,1,1,1,1,1,1,0,1,1,1,1,0,2
1314,0,0,0,1,0,0,0,1,1,0,1,1,1,1,1,1,1,1,1,1,1,1,1,1,0,1,1,1,1,0,2
1315,1,1,1,0,0,0,0,1,1,0,1,1,1,1,1,1,1,1,1,1,0,0,1,0,0,1,0,0,1,0,2
1316,0,0,0,1,0,1,0,0,1,0,1,0,0,1,0,1,1,0,1,1,0,1,1,1,0,1,1,1,1,0,2
1317,0,0,0,1,0,0,0,1,1,0,1,1,1,1,1,1,1,1,1,1,1,1,1,1,0,1,1,1,1,0,2
1318,0,0,1,0,0,0,0,1,1,0,1,1,1,1,1,1,1,1,1,1,1,0,0,0,0,1,1,1,1,0,2
1319,0,0,1,0,1,1,0,1,0,1,0,0,1,0,1,0,1,1,1,1,0,0,1,0,0,0,0,1,1,0,2
1320,0,0,1,0,0,0,1,0,0,1,0,0,1,1,1,1,1,1,1,1,0,0,1,0,0,0,1,0,1,1,3
1321,0,0,1,0,0,0,1,0,1,0,1,1,1,1,1,1,1,1,1,1,1,0,0,0,1,0,0,1,1,1,3
1322,0,1,0,0,0,0,0,1,1,0,1,1,1,1,1,1,1,1,1,1,0,0,1,0,0,0,1,0,1,0,3
1323,1,1,1,0,0,0,1,0,0,0,1,0,1,1,1,1,1,1,1,1,0,0,1,0,0,1,0,0,1,0,3
1324,1,0,1,0,0,0,0,1,1,0,1,1,1,1,1,1,1,1,1,1,0,0,1,0,0,0,1,0,1,0,3
1325,0,0,1,0,0,0,0,1,1,0,1,1,1,1,1,1,1,1,1,1,1,0,0,0,0,1,1,1,1,0,3
1326,1,1,1,0,1,1,0,1,0,1,0,0,1,0,1,1,1,1,1,1,0,1,0,1,0,1,1,0,0,1,3
1327,1,0,1,0,0,1,0,0,0,0,1,0,1,0,1,0,1,1,1,1,0,0,1,0,0,0,1,0,1,0,3
1328,1,1,1,0,0,0,1,0,0,0,0,1,1,1,1,1,1,1,1,1,0,0,1,0,0,0,1,0,1,0,3
1329,1,1,1,0,1,1,0,0,1,0,0,1,1,1,1,1,1,1,1,1,0,0,1,0,0,0,0,1,1,0,3
1330,0,0,0,1,0,0,0,1,1,0,1,1,1,1,1,1,1,1,1,1,1,1,1,1,0,1,1,1,1,0,3
1331,0,0,1,0,0,1,0,0,0,1,0,0,0,1,0,1,1,1,1,1,0,0,1,0,0,0,1,0,1,0,3
1332,0,1,0,0,1,1,0,1,0,1,0,0,1,1,1,1,1,1,1,1,0,0,1,0,0,1,1,0,1,0,3
1333,1,1,0,0,1,1,0,0,1,0,1,1,1,1,1,1,1,1,1,1,1,0,0,0,0,0,1,0,1,0,3
1334,0,0,1,0,0,0,1,0,1,0,1,1,1,1,1,1,1,1,1,1,1,0,0,0,1,0,0,1,1,1,3
1335,0,0,0,1,0,1,1,0,0,0,0,1,0,1,0,1,1,1,1,1,0,1,1,1,0,1,1,1,1,0,3
1336,0,1,0,0,0,1,0,0,0,0,1,0,1,1,1,1,1,1,1,1,0,0,1,0,0,0,1,0,1,0,3
1337,0,1,0,0,0,0,1,0,0,0,0,1,1,1,1,1,1,1,1,1,0,0,1,0,0,0,0,1,1,0,3
1338,0,0,1,0,0,0,0,1,1,0,1,1,1,1,1,1,1,1,1,1,1,0,0,0,0,1,1,1,1,0,3
1339,0,1,0,0,0,0,0,1,1,0,1,1,1,1,1,1,1,1,1,1,0,0,1,0,0,0,1,0,1,0,3
1340,0,1,0,0,0,1,0,0,1,0,0,1,1,1,1,1,1,1,1,1,0,0,1,0,0,0,1,0,1,0,3
1341,0,0,1,0,0,0,0,1,1,0,1,1,1,1,1,1,1,1,1,1,1,0,0,0,0,1,1,1,1,0,3
1342,1,0,1,0,0,1,0,0,0,0,1,0,1,0,1,0,1,1,1,1,0,0,1,0,0,0,1,0,1,0,3
1343,1,1,1,0,0,0,1,0,0,0,1,0,1,1,1,1,1,1,1,1,0,0,1,0,0,0,1,0,1,0,3
1344,1,1,1,0,0,0,1,0,1,0,1,1,1,0,1,1,1,1,1,1,1,0,0,0,0,1,0,0,1,0,3
1345,0,0,0,1,0,0,0,1,1,0,1,1,1,1,1,1,1,1,1,1,1,1,1,1,0,1,1,1,1,0,3
1346,1,0,1,0,0,1,0,0,0,0,1,0,1,0,1,0,1,1,1,1,0,1,0,1,0,0,1,0,1,0,3
1347,0,1,0,0,0,0,0,1,1,0,1,1,1,1,1,1,1,1,1,1,0,0,1,0,0,0,1,0,1,0,3
1348,1,1,1,0,0,0,0,1,1,0,1,1,1,1,1,1,1,1,1,1,0,1,0,1,0,0,1,0,1,0,3
1349,0,1,0,0,1,1,0,1,0,1,0,0,1,1,1,1,1,1,1,1,0,0,1,0,0,1,1,0,1,0,3
1350,1,1,1,0,1,1,0,0,0,0,1,0,1,1,1,1,1,1,1,1,0,0,1,0,1,0,0,0,1,0,3
1351,1,1,0,0,0,0,1,0,0,1,0,0,1,1,1,1,1,1,1,1,0,0,1,0,1,0,0,1,1,1,3
1352,1,1,1,0,1,1,0,0,1,0,0,1,1,1,1,1,1,1,1,1,0,1,0,1,0,0,0,1,1,0,3
1353,1,1,0,0,0,0,0,1,1,0,1,1,1,1,1,1,1,1,1,1,0,1,1,1,0,0,0,1,1,0,3
1354,0,0,0,1,0,0,0,1,1,0,1,1,1,1,1,1,1,1,1,1,1,1,1,1,0,1,1,1,1,0,3
1355,1,1,0,0,0,0,0,1,1,0,1,1,1,1,1,1,1,1,1,1,1,0,0,0,0,0,0,1,1,0,3
1356,1,1,1,0,0,0,1,0,0,0,0,1,1,1,1,1,1,1,1,1,0,0,1,0,0,0,1,0,1,0,3
1357,1,0,1,0,0,1,0,0,0,0,1,0,0,1,0,1,1,1,1,1,0,0,1,0,0,0,1,0,1,0,3
1358,0,1,0,0,0,0,0,1,1,0,1,1,1,1,1,1,1,1,1,1,0,0,1,0,0,0,1,0,1,0,3
1359,0,1,0,0,0,1,0,0,1,0,0,1,1,1,1,1,1,1,1,1,0,0,1,0,0,1,0,0,1,0,3
1360,1,1,1,0,0,0,1,0,0,0,0,1,0,1,0,1,1,1,1,1,0,0,1,0,1,0,0,0,1,0,3
1361,1,1,1,0,0,0,1,0,0,0,1,0,1,1,1,1,1,1,1,1,0,0,1,0,0,1,0,0,1,0,3
1362,0,1,0,0,1,1,0,1,0,1,0,0,1,1,1,1,1,1,1,1,0,0,1,0,0,1,1,0,1,0,3
1363,1,1,0,0,0,0,0,1,1,0,1,1,1,1,1,1,1,1,1,1,0,1,1,1,0,0,0,1,1,0,3
1364,1,1,1,0,0,0,1,0,0,0,1,0,1,1,1,1,1,1,1,1,0,0,1,0,0,1,0,0,1,0,3
1365,1,1,1,0,0,0,0,1,1,0,1,1,1,1,1,1,1,1,1,1,0,1,0,1,0,0,1,0,1,0,3
1366,1,1,0,0,0,0,0,1,1,0,1,1,1,1,1,1,1,1,1,1,1,0,0,0,0,1,0,0,1,0,3
1367,0,0,0,1,0,0,0,1,1,0,1,1,1,1,1,1,1,1,1,1,1,1,1,1,0,1,1,1,1,0,3
1368,1,1,1,0,1,1,0,0,0,0,1,0,1,1,1,1,1,1,1,1,0,1,0,1,0,0,0,1,1,0,3
1369,1,1,1,0,0,0,1,0,0,0,1,0,1,1,1,1,1,1,1,1,0,0,1,0,0,1,0,0,1,0,3
1370,0,0,1,0,1,1,0,1,0,1,0,0,1,0,1,1,1,1,1,0,0,1,0,1,0,0,1,0,1,0,3
1371,1,1,1,0,0,0,1,0,1,0,1,1,1,1,1,1,1,1,1,1,0,1,0,1,0,0,0,1,1,0,3
1372,0,1,0,0,0,0,0,1,1,0,1,1,1,1,1,1,1,1,1,1,0,0,1,0,0,0,1,0,1,0,3
1373,0,0,1,0,0,0,0,1,1,0,1,1,1,1,1,1,1,1,1,1,1,0,0,0,0,1,1,1,1,0,3
1374,1,1,1,0,0,0,1,0,1,0,1,0,1,1,1,1,1,1,1,1,0,1,0,1,0,1,1,0,1,0,3
1375,1,1,1,0,0,0,1,0,1,0,1,0,1,1,1,1,1,1,1,1,0,1,0,1,0,1,1,0,1,0,3
1376,1,1,1,0,0,0,1,0,0,0,0,1,1,1,1,1,1,1,1,1,0,0,1,0,0,0,1,0,1,0,3
1377,1,1,1,0,0,0,1,0,0,0,1,0,1,1,1,1,1,1,1,1,0,1,0,1,1,0,0,0,1,0,3
1378,1,1,1,0,0,0,0,1,1,0,1,1,1,1,1,1,1,1,1,1,0,0,1,0,0,1,0,0,1,0,3
1379,0,0,1,0,0,0,0,1,1,0,1,1,1,1,1,1,1,1,1,1,1,0,0,0,0,1,1,1,1,0,3
1380,0,0,1,0,1,0,0,1,0,1,0,0,1,1,1,1,1,1,1,1,0,0,1,0,0,0,1,0,1,0,3
1381,1,1,1,0,1,0,0,1,0,1,0,0,1,1,1,1,1,1,1,1,0,0,1,0,1,0,0,1,0,1,3
1382,1,1,1,0,1,1,0,1,0,1,0,0,1,0,1,1,1,1,1,1,0,1,0,1,0,1,1,0,0,1,3
1383,1,1,1,0,0,0,1,0,1,0,1,1,1,1,1,1,1,1,1,1,0,1,0,1,0,0,0,1,1,0,3
1384,0,0,1,0,0,0,0,1,1,0,1,1,1,1,1,1,1,1,1,1,1,0,0,0,0,1,1,1,1,0,3
1385,1,1,0,0,0,0,0,1,1,0,1,1,1,1,1,1,1,1,1,1,0,1,1,1,0,0,0,1,1,0,3
1386,1,0,1,0,0,0,0,1,1,0,1,1,1,1,1,1,1,1,1,1,0,0,1,0,0,0,1,0,1,0,3
1387,1,1,1,0,0,0,1,0,1,0,1,1,1,1,1,1,1,1,1,1,0,1,0,1,0,0,0,1,1,0,3
1388,0,0,1,0,0,0,0,1,1,0,1,1,1,1,1,1,1,1,1,1,1,0,0,0,0,1,1,1,1,0,3
1389,0,0,1,0,0,0,0,1,1,0,1,1,1,1,1,1,1,1,1,1,1,0,0,0,0,1,1,1,1,0,3
1390,0,0,1,0,1,0,0,1,0,1,0,0,1,1,1,1,1,1,1,1,0,0,1,0,0,0,1,0,1,0,3
1391,0,0,1,0,0,0,0,1,1,0,1,1,1,1,1,1,1,0,1,1,0,1,1,1,1,0,0,1,1,0,3
1392,0,0,1,0,1,1,0,1,0,1,0,0,1,1,1,1,1,1,1,1,0,0,1,0,0,1,0,0,1,0,3
1393,1,1,1,0,0,0,1,0,1,0,1,1,1,1,1,1,1,1,1,1,0,1,1,1,0,1,1,0,0,1,3
1394,1,1,1,0,0,0,1,0,1,0,1,0,1,1,1,1,1,1,1,1,0,1,0,1,0,1,1,0,1,0,3
1395,0,0,1,0,0,0,1,0,0,1,0,0,1,1,1,1,1,1,1,1,0,0,1,0,0,0,1,0,1,1,3
1396,1,0,1,0,0,1,0,0,0,0,1,0,1,0,1,0,1,1,1,0,0,0,1,0,0,1,0,0,1,0,3
1397,1,1,1,0,0,0,1,0,1,0,1,0,1,1,1,1,1,1,1,1,0,0,1,0,1,0,0,0,1,0,3
1398,0,1,0,0,0,1,0,0,1,0,0,1,1,1,1,1,1,1,1,1,0,0,1,0,0,0,1,0,1,0,3
1399,1,1,1,0,0,0,1,0,1,0,1,0,1,1,1,1,1,1,1,1,0,0,1,0,1,0,0,0,1,0,3
1400,0,1,0,0,0,0,1,0,0,0,0,1,1,1,1,1,1,1,1,1,0,0,1,0,0,0,0,1,1,0,3
1401,1,1,1,0,0,0,1,0,0,0,0,1,1,1,1,1,1,1,1,1,0,0,1,0,0,0,1,0,1,0,3
1402,1,1,1,0,0,0,1,0,0,0,0,1,1,1,1,1,1,1,1,1,0,0,1,0,0,0,1,0,1,0,3
1403,1,1,1,0,0,0,0,1,1,0,1,1,1,1,1,1,1,1,1,1,0,0,1,0,0,1,0,0,1,0,3
1404,0,0,1,0,1,1,0,0,1,0,1,1,1,1,1,1,1,1,1,1,1,0,0,0,0,1,1,1,1,0,3
1405,0,0,0,1,1,0,0,0,1,0,1,1,1,0,1,0,1,1,1,1,0,0,1,0,0,0,1,0,1,0,3
1406,1,1,1,0,1,0,0,0,1,0,0,1,1,0,1,0,1,1,1,1,0,0,1,0,0,1,1,0,1,0,3
1407,1,1,1,0,1,1,0,0,0,0,1,0,1,1,1,1,1,1,1,1,0,1,0,1,0,0,0,1,1,0,3
1408,0,0,1,0,0,0,0,1,1,0,1,1,1,1,1,1,0,1,1,1,0,1,1,1,0,0,0,1,1,0,3
1409,1,1,0,0,0,0,0,1,1,0,1,1,1,1,1,1,1,1,1,1,0,1,1,1,0,0,0,1,1,0,3
1410,0,1,0,0,0,0,0,1,1,0,1,1,1,1,1,1,1,1,1,1,0,0,1,0,0,0,1,0,1,0,3
1411,1,1,1,0,0,0,0,1,1,0,1,1,1,1,1,1,1,1,1,1,0,1,0,1,0,0,1,0,1,0,3
1412,1,0,1,0,0,0,1,0,0,0,0,1,0,1,0,1,0,1,1,1,0,0,1,0,0,0,0,1,1,0,3
1413,1,1,1,0,0,0,1,0,0,0,1,0,1,1,1,1,1,1,1,1,0,0,1,0,0,0,1,0,1,0,3
1414,1,1,1,0,0,0,0,1,1,0,1,1,1,1,1,1,1,1,1,1,0,1,0,1,0,0,1,0,1,0,3
1415,1,0,1,0,0,0,1,0,0,0,0,1,1,0,1,0,1,1,1,1,0,0,1,0,0,0,0,1,1,0,3
1416,1,1,1,0,0,0,0,1,1,0,1,1,1,1,1,1,1,1,1,1,0,0,1,0,0,1,0,0,1,0,3
1417,0,0,0,1,0,1,1,0,0,1,0,0,1,0,1,0,1,1,1,1,1,1,0,0,1,0,0,1,1,1,3
1418,0,0,0,1,0,0,0,1,1,0,1,1,1,1,1,1,1,1,1,1,1,1,1,1,0,1,1,1,1,0,3
1419,0,0,0,1,1,0,0,0,0,0,0,1,1,0,1,0,1,1,1,1,0,1,0,1,0,1,1,1,1,0,3
1420,0,0,0,1,0,0,0,1,1,0,1,1,1,1,1,1,1,1,1,1,1,1,1,1,0,1,1,1,1,0,3
1421,0,0,1,0,0,1,0,0,1,0,1,1,1,1,1,1,1,1,1,1,0,1,1,1,0,1,1,0,0,1,3
1422,0,0,1,0,0,1,0,0,0,0,1,0,1,0,1,0,1,1,1,1,0,0,1,0,0,0,0,1,1,0,3
1423,0,0,1,0,0,0,0,1,1,0,1,1,1,1,1,1,1,1,1,1,1,0,0,0,0,1,1,1,1,0,3
1424,0,1,0,0,0,1,0,0,1,0,0,1,1,1,1,1,1,1,1,1,0,0,1,0,0,1,0,0,1,0,3
1425,1,0,1,0,0,1,0,0,0,0,1,0,0,1,0,1,1,1,1,1,0,1,0,1,0,1,1,0,1,0,3
1426,1,1,1,0,0,0,1,0,0,0,0,1,0,1,0,1,1,1,1,1,0,0,1,0,1,0,0,0,1,0,3
1427,0,0,1,0,0,0,0,1,1,0,1,1,1,1,1,1,0,1,1,1,0,1,1,1,0,0,0,1,1,0,3
1428,0,0,0,1,0,0,0,1,1,0,1,1,1,1,1,1,1,1,1,1,1,1,1,1,0,1,1,1,1,0,3
1429,1,0,1,0,0,0,0,1,1,0,1,1,1,1,1,1,1,1,1,1,0,0,1,0,0,0,1,0,1,0,3
1430,1,1,1,0,1,1,0,0,1,0,0,1,1,1,1,1,1,1,1,1,0,0,1,0,0,0,0,1,1,0,3
1431,1,1,0,0,0,0,0,1,1,0,1,1,1,1,1,1,1,1,1,1,0,1,1,1,0,0,0,1,1,0,3
1432,1,1,0,0,0,0,0,1,1,0,1,1,1,1,1,1,1,1,1,1,0,1,1,1,0,0,0,1,1,0,3
1433,0,0,0,1,0,0,0,1,1,0,1,1,1,1,1,1,1,1,1,1,1,1,1,1,0,1,1,1,1,0,3
1434,1,1,0,0,0,0,0,1,1,0,1,1,1,1,1,1,1,1,1,1,1,0,0,0,0,0,1,0,1,0,3
1435,0,0,1,0,0,0,0,1,1,0,1,1,1,1,1,1,1,1,1,1,1,0,0,0,0,1,1,1,1,0,3
1436,0,0,1,0,0,1,0,0,0,0,1,0,1,0,1,0,1,1,1,1,0,0,1,0,0,0,0,1,1,0,3
1437,1,1,0,0,0,0,0,1,1,0,1,1,1,1,1,1,1,1,1,1,1,0,0,0,0,0,0,1,1,0,3
1438,0,0,1,0,0,1,0,0,1,0,0,1,1,0,1,0,1,1,1,1,0,1,1,1,0,0,1,0,1,0,3
1439,0,0,1,0,0,0,1,0,1,0,1,1,1,1,1,1,1,1,1,1,1,0,0,0,1,0,0,1,1,1,3
1440,1,1,0,0,0,0,0,1,1,0,1,1,1,1,1,1,1,1,1,1,0,1,1,1,0,0,0,1,1,0,3
1441,1,1,1,0,0,0,1,0,1,0,1,1,1,1,1,1,1,1,1,1,0,1,0,1,0,0,0,1,1,0,3
1442,0,0,0,1,0,0,0,1,1,0,1,1,1,1,1,1,1,1,1,1,1,1,1,1,0,1,1,1,1,0,3
1443,1,1,0,0,0,1,0,0,0,1,0,0,1,0,1,1,1,1,1,1,0,1,0,1,1,0,0,1,1,1,3
1444,1,1,0,0,0,0,0,1,1,0,1,1,1,1,1,1,1,1,1,1,0,1,1,1,0,0,0,1,1,0,3
1445,0,0,1,0,0,0,0,1,1,0,1,1,1,1,1,1,1,0,1,1,0,1,1,1,1,0,0,1,1,0,3
1446,0,0,0,1,0,1,0,0,1,0,1,0,0,1,0,1,1,0,1,1,0,1,1,1,0,1,1,1,1,0,3
1447,0,0,1,0,0,0,0,1,1,0,1,1,1,1,1,1,1,0,1,1,0,1,1,1,1,0,0,1,1,0,3
1448,1,0,1,0,0,1,0,0,0,0,1,0,1,0,1,0,1,1,1,1,0,0,1,0,0,0,1,0,1,0,3
1449,1,1,1,0,0,0,0,1,1,0,1,1,1,1,1,1,1,1,1,1,0,1,0,1,0,0,1,0,1,0,3
1450,0,1,0,0,0,0,0,1,1,0,1,1,1,1,1,1,1,1,1,1,0,0,1,0,0,0,1,0,1,0,3
1451,0,0,1,0,0,1,0,0,1,0,0,1,0,1,0,1,1,1,1,0,0,1,1,1,0,0,1,0,1,0,3
1452,1,1,0,0,0,0,1,0,0,1,0,0,1,1,1,1,1,1,1,1,0,0,1,0,1,0,0,1,1,1,3
1453,1,1,0,0,1,1,0,0,0,0,1,0,1,1,1,1,1,1,1,1,0,0,1,0,0,0,0,1,1,0,3
1454,0,0,1,0,0,0,1,0,1,0,1,1,1,1,1,1,1,1,1,1,1,0,0,0,1,0,0,1,1,1,3
1455,0,0,1,0,0,1,0,0,0,1,0,0,1,0,1,1,1,1,0,1,0,1,0,1,0,0,1,0,1,0,3
1456,0,0,0,1,0,1,1,0,0,1,0,0,0,1,0,1,1,0,1,0,1,1,1,1,1,1,1,1,1,1,3
1457,1,1,1,0,0,0,1,0,1,0,1,1,1,1,1,1,1,1,1,1,0,1,0,1,0,0,0,1,1,0,3
1458,1,1,0,0,1,1,0,1,0,1,0,0,0,1,0,0,1,1,1,1,0,1,0,1,0,1,1,1,0,1,3
1459,0,0,1,0,0,0,0,1,1,0,1,1,1,1,1,1,1,0,1,1,0,1,1,1,1,0,0,1,1,0,3
1460,1,1,1,0,0,0,0,1,0,0,1,0,1,1,1,1,1,1,0,1,0,1,0,1,0,1,0,0,1,0,3
1461,1,1,1,0,1,1,0,1,1,0,1,1,0,1,0,0,1,1,1,1,1,0,0,0,0,1,1,1,0,1,3
1462,1,1,0,0,0,0,0,1,1,0,1,1,1,1,1,1,1,1,1,1,0,1,1,1,0,0,0,1,1,0,3
1463,0,0,1,0,1,0,0,0,0,0,1,0,1,1,1,1,1,1,1,1,0,0,1,0,0,0,0,1,1,0,3
1464,1,1,1,0,1,1,0,1,0,1,0,0,0,1,0,0,1,1,1,1,0,1,0,1,0,1,1,1,1,0,3
1465,1,1,0,0,1,1,0,0,1,0,1,1,1,1,1,1,1,1,1,1,1,0,0,0,0,0,1,0,1,0,3
1466,0,0,0,1,0,1,0,0,1,0,0,1,1,0,1,0,1,1,1,1,0,1,1,1,1,0,0,1,1,1,3
1467,1,1,0,0,0,0,0,1,1,0,1,1,1,1,1,1,1,1,1,1,1,0,0,0,0,0,0,1,1,0,3
1468,0,0,1,0,0,0,0,1,1,0,1,1,1,1,1,1,0,1,1,1,0,1,1,1,0,0,0,1,1,0,3
1469,0,0,1,0,0,0,0,1,1,0,1,1,1,1,1,1,1,1,1,1,1,0,0,0,0,1,1,1,1,0,3
1470,0,0,1,0,0,0,1,0,1,0,1,1,1,1,1,1,1,1,1,1,1,0,0,0,1,0,0,1,1,1,3
1471,1,1,1,0,0,0,1,0,1,0,1,0,1,1,1,1,1,1,1,1,0,1,0,1,0,1,1,0,1,0,3
1472,1,1,1,0,0,0,1,0,1,0,1,1,1,1,1,1,1,1,1,1,0,1,0,1,0,0,0,1,1,0,3
1473,0,0,0,1,0,0,0,1,1,0,1,1,1,1,1,1,1,1,1,1,1,1,1,1,0,1,1,1,1,0,2
1474,0,0,1,0,0,0,0,1,1,0,1,1,1,1,1,1,1,1,1,1,1,0,0,0,0,1,1,1,1,0,2
1475,1,0,1,0,0,1,0,0,0,0,1,0,1,0,1,0,1,1,1,1,0,1,0,1,0,0,1,0,1,0,2
1476,0,0,0,1,0,1,1,0,1,0,1,1,1,0,1,0,1,1,1,1,1,0,0,0,0,1,1,1,1,1,2
1477,1,1,0,0,0,0,0,1,1,0,1,1,1,1,1,1,1,1,1,1,1,0,0,0,0,1,0,0,1,0,2
1478,0,0,1,0,0,0,0,1,1,0,1,1,1,1,1,1,1,1,1,1,1,0,0,0,0,1,1,1,1,0,2
1479,0,0,0,1,0,0,0,1,1,0,1,1,1,1,1,1,1,1,1,1,1,1,1,1,0,1,1,1,1,0,2
1480,0,1,0,0,0,1,0,0,1,0,0,1,1,1,1,1,1,1,1,1,0,0,1,0,0,0,1,0,1,0,2
1481,0,0,1,0,1,1,0,1,0,1,0,0,1,0,1,0,1,1,1,1,0,0,1,0,0,0,0,1,1,0,2
1482,1,1,0,0,0,0,0,1,1,0,1,1,1,1,1,1,1,1,1,1,1,0,0,0,0,1,0,0,1,0,2
1483,0,0,0,1,0,0,0,1,1,0,1,1,1,1,1,1,1,1,1,1,1,1,1,1,0,1,1,1,1,0,2
1484,0,0,1,0,0,0,1,0,1,0,1,1,1,1,1,1,1,1,1,1,1,0,0,0,1,0,0,1,1,1,2
1485,0,0,1,0,0,0,0,1,1,0,1,1,1,1,1,1,1,1,1,1,1,0,0,0,0,1,1,1,1,0,2
1486,0,1,0,0,0,1,0,0,1,0,0,1,1,1,1,1,1,1,1,1,0,1,0,1,0,0,1,0,1,0,2
1487,0,0,1,0,0,0,0,1,1,0,1,1,1,1,1,1,1,1,1,1,1,0,0,0,0,1,1,1,1,0,2
1488,1,1,1,0,1,1,0,0,1,0,0,1,1,1,1,1,1,1,1,1,0,0,1,0,0,0,0,1,1,0,2
1489,0,0,0,1,0,0,0,1,1,0,1,1,1,1,1,1,1,1,1,1,1,1,1,1,0,1,1,1,1,0,2
1490,0,0,0,1,0,1,1,0,1,0,1,0,1,0,1,0,1,1,1,0,0,0,1,0,0,1,1,0,1,0,2
1491,0,0,1,0,0,0,0,1,1,0,1,1,1,1,1,1,1,1,1,1,1,0,0,0,0,1,1,1,1,0,2
1492,0,0,1,0,0,0,0,1,1,0,1,1,1,1,1,1,0,1,1,1,0,1,1,1,0,0,0,1,1,0,2
1493,0,0,1,0,0,0,0,1,1,0,1,1,1,1,1,1,1,1,1,1,1,0,0,0,0,1,1,1,1,0,2
1494,0,1,0,0,0,1,0,0,0,0,1,0,1,1,1,1,1,1,1,1,0,0,1,0,0,0,1,0,1,0,2
1495,1,1,0,0,0,0,0,1,1,0,1,1,1,1,1,1,1,1,1,1,1,0,0,0,0,0,0,1,1,0,2
1496,0,0,0,1,0,1,1,0,1,0,1,1,1,0,1,0,1,1,1,1,1,0,0,0,0,1,1,1,1,1,2
1497,1,1,1,0,0,0,1,0,1,0,1,1,1,1,1,1,1,1,1,1,1,0,0,0,0,0,1,0,1,0,2
1498,0,0,0,1,0,1,1,0,1,0,1,1,1,0,1,0,1,1,1,1,1,0,0,0,0,1,1,1,1,1,2
1499,1,1,1,0,0,0,1,0,1,0,1,0,1,1,1,1,1,1,1,1,0,0,1,0,0,0,0,1,1,0,2
1500,1,0,1,0,0,0,0,1,1,0,1,1,1,1,1,1,1,1,1,1,0,0,1,0,0,0,1,0,1,0,2
1501,1,1,1,0,0,0,0,1,1,0,1,1,1,1,1,1,1,1,1,1,0,0,1,0,0,1,0,0,1,0,2
1502,0,0,1,0,0,0,0,1,1,0,1,1,1,1,1,1,1,1,1,1,1,0,0,0,0,1,1,1,1,0,2
1503,1,1,1,0,0,0,1,0,1,0,1,0,1,1,1,1,1,1,1,1,0,0,1,0,0,0,0,1,1,0,2
1504,0,0,1,0,0,0,0,1,1,0,1,1,1,1,1,1,1,1,1,1,1,0,0,0,0,1,1,1,1,0,2
1505,1,1,0,0,0,0,0,1,1,0,1,1,1,1,1,1,1,1,1,1,1,0,0,0,0,0,1,0,1,0,2
1506,0,0,1,0,0,0,1,0,1,0,1,1,0,1,0,0,1,1,1,1,1,0,0,0,0,1,0,0,1,0,2
1507,1,1,0,0,1,1,0,0,0,0,1,0,1,1,1,1,1,1,1,1,0,0,1,0,0,0,0,1,1,0,2
1508,0,0,1,0,0,0,0,1,1,0,1,1,1,1,1,1,1,0,1,1,0,1,1,1,1,0,0,1,1,0,2
1509,0,0,1,0,0,0,0,1,1,0,1,1,1,1,1,1,1,0,1,1,0,1,1,1,1,0,0,1,1,0,2
1510,1,1,1,0,0,0,1,0,1,0,1,1,1,1,1,1,1,1,1,1,0,1,0,1,0,0,0,1,1,0,2
1511,1,1,1,0,0,0,1,0,1,0,1,1,1,1,1,1,1,1,1,1,1,0,0,0,0,0,1,0,1,0,2
1512,0,0,0,1,0,1,1,0,1,0,1,1,0,1,0,1,1,1,1,1,1,0,0,0,1,1,1,1,1,1,2
1513,0,0,0,1,1,0,0,0,1,0,1,1,1,0,1,0,1,1,1,1,0,0,1,0,0,0,1,0,1,0,2
1514,1,1,0,0,0,0,0,1,1,0,1,1,1,1,1,1,1,1,1,1,1,0,0,0,0,0,1,0,1,0,2
1515,0,0,0,1,0,1,0,0,1,0,1,0,0,1,0,1,1,0,1,1,0,1,1,1,0,1,1,1,1,0,2
1516,1,1,1,0,0,0,1,0,0,0,1,0,1,1,1,1,1,1,1,1,0,0,1,0,0,0,1,0,1,0,2
1517,0,0,1,0,0,0,0,1,1,0,1,1,1,1,1,1,1,1,1,1,1,0,0,0,0,1,1,1,1,0,2
1518,1,1,0,0,0,0,0,1,1,0,1,1,1,1,1,1,1,1,1,1,1,0,0,0,0,0,0,1,1,0,2
1519,1,1,1,0,0,0,1,0,1,0,1,1,1,1,1,1,1,1,1,1,1,0,0,0,0,0,1,0,1,0,2
1520,0,0,1,0,0,0,0,1,1,0,1,1,1,1,1,1,1,1,1,1,1,0,0,0,0,1,1,1,1,0,2
1521,1,1,0,0,0,0,0,1,1,0,1,1,1,1,1,1,1,1,1,1,1,0,0,0,0,1,0,0,1,0,2
1522,1,1,1,0,0,0,1,0,1,0,1,0,1,1,1,1,1,1,1,1,0,1,0,1,0,1,1,0,1,0,2
1523,0,0,0,1,0,0,0,1,1,0,1,1,1,1,1,1,1,1,1,1,1,1,1,1,0,1,1,1,1,0,2
1524,0,0,0,1,0,1,1,0,1,0,1,1,1,0,1,0,1,1,1,1,1,0,0,0,0,1,1,1,1,1,2
1525,0,0,0,1,0,1,1,0,0,0,0,1,1,0,1,0,1,1,1,1,0,0,1,0,0,1,0,0,1,0,2
1526,0,1,0,0,0,1,0,0,1,0,0,1,1,1,1,1,1,1,1,1,0,1,0,1,0,0,1,0,1,0,2
1527,1,1,1,0,0,0,1,0,1,0,1,0,1,1,1,1,1,1,1,1,0,0,1,0,0,0,0,1,1,0,2
1528,1,1,0,0,0,0,0,1,1,0,1,1,1,1,1,1,1,1,1,1,1,0,0,0,0,1,0,0,1,0,2
1529,1,1,0,0,0,0,0,1,1,0,1,1,1,1,1,1,1,1,1,1,1,0,0,0,0,0,0,1,1,0,2
1530,0,0,0,1,0,0,0,1,1,0,1,1,1,1,1,1,1,1,1,1,1,1,1,1,0,1,1,1,1,0,2
1531,0,0,0,1,0,0,0,1,1,0,1,1,1,1,1,1,1,1,1,1,1,1,1,1,0,1,1,1,1,0,2
1532,0,0,0,1,0,0,0,1,1,0,1,1,1,1,1,1,1,1,1,1,1,1,1,1,0,1,1,1,1,0,2
1533,0,0,0,1,0,0,0,1,1,0,1,1,1,1,1,1,1,1,1,1,1,1,1,1,0,1,1,1,1,0,2
1534,0,0,1,0,0,0,0,1,1,0,1,1,1,1,1,1,1,0,1,1,0,1,1,1,1,0,0,1,1,0,2
1535,0,0,1,0,0,0,0,1,1,0,1,1,1,1,1,1,1,1,1,1,1,0,0,0,0,1,1,1,1,0,2
1536,0,0,0,1,0,0,0,1,1,0,1,1,1,1,1,1,1,1,1,1,1,1,1,1,0,1,1,1,1,0,2
1537,1,1,0,0,0,0,0,1,1,0,1,1,1,1,1,1,1,1,1,1,1,0,0,0,0,0,1,0,1,0,2
1538,1,1,1,0,0,0,1,0,1,0,1,0,1,1,1,1,1,1,1,1,0,0,1,0,0,0,0,1,1,0,2
1539,0,0,1,0,0,0,0,1,1,0,1,1,1,1,1,1,1,1,1,1,1,0,0,0,0,1,1,1,1,0,2
1540,1,1,0,0,1,1,0,0,1,0,1,1,1,1,1,1,1,1,1,1,1,0,0,0,0,0,1,0,1,0,2
1541,0,0,0,1,0,0,0,1,1,0,1,1,1,1,1,1,1,1,1,1,1,1,1,1,0,1,1,1,1,0,2
1542,1,1,1,0,0,0,1,0,0,0,1,0,1,1,1,1,1,1,1,1,0,0,1,0,0,0,1,0,1,0,2
1543,0,0,0,1,0,1,1,0,0,0,0,1,0,1,0,1,1,1,1,1,0,1,1,1,0,1,1,1,1,0,2
1544,1,1,0,0,0,0,0,1,1,0,1,1,1,1,1,1,1,1,1,1,1,0,0,0,0,0,0,1,1,0,2
1545,0,0,1,0,0,0,0,1,1,0,1,1,1,1,1,1,1,1,1,1,1,0,0,0,0,1,1,1,1,0,2
1546,0,0,1,0,0,0,0,1,1,0,1,1,1,1,1,1,1,1,1,1,1,0,0,0,0,1,1,1,1,0,2
1547,0,0,0,1,0,1,1,0,1,0,1,1,1,0,1,0,1,1,1,1,1,0,0,0,0,1,1,1,1,1,2
1548,0,0,0,1,0,1,1,0,0,0,1,0,1,0,1,0,0,1,1,1,0,1,0,1,0,1,0,0,1,0,2
1549,0,0,1,0,1,1,0,1,0,1,0,0,1,0,1,0,1,1,1,1,0,0,1,0,0,0,0,1,1,0,2
1550,0,0,0,1,0,1,1,0,1,0,1,1,1,0,1,0,1,0,1,1,0,1,0,1,0,1,1,0,1,0,2
1551,0,0,1,0,0,0,0,1,1,0,1,1,1,1,1,1,1,1,1,1,1,0,0,0,0,1,1,1,1,0,2
1552,0,0,1,0,0,0,0,1,1,0,1,1,1,1,1,1,1,1,1,1,1,0,0,0,0,1,1,1,1,0,2
1553,1,0,1,0,0,0,0,1,1,0,1,1,1,1,1,1,1,1,1,1,0,0,1,0,0,0,1,0,1,0,2
1554,0,0,1,0,0,0,0,1,1,0,1,1,1,1,1,1,1,1,1,1,1,0,0,0,0,1,1,1,1,0,2
1555,0,0,0,1,0,0,0,1,1,0,1,1,1,1,1,1,1,1,1,1,1,1,1,1,0,1,1,1,1,0,2
1556,0,0,1,0,0,0,0,1,1,0,1,1,1,1,1,1,1,1,1,1,1,0,0,0,0,1,1,1,1,0,2
1557,0,0,0,1,0,0,0,1,1,0,1,1,1,1,1,1,1,1,1,1,1,1,1,1,0,1,1,1,1,0,2
1558,0,0,1,0,0,0,0,1,1,0,1,1,1,1,1,1,1,1,1,1,1,0,0,0,0,1,1,1,1,0,2
1559,1,1,0,0,0,0,0,1,1,0,1,1,1,1,1,1,1,1,1,1,1,0,0,0,0,0,1,0,1,0,2
1560,1,0,1,0,0,0,0,1,1,0,1,1,1,1,1,1,1,1,1,1,0,0,1,0,0,0,1,0,1,0,2
1561,1,1,1,0,1,1,0,0,0,0,1,0,1,1,1,1,1,1,1,1,0,1,0,1,1,0,0,0,1,0,2
1562,0,0,0,1,0,0,0,1,1,0,1,1,1,1,1,1,1,1,1,1,1,1,1,1,0,1,1,1,1,0,2
1563,0,0,0,1,0,1,1,0,1,0,1,1,1,0,1,0,1,0,1,1,0,1,0,1,0,1,1,0,1,0,2
1564,0,0,0,1,0,1,1,0,1,0,1,1,1,0,1,0,1,1,1,1,1,0,0,0,0,1,1,1,1,1,2
1565,1,0,1,0,0,1,0,0,0,0,1,0,0,1,0,1,1,1,1,1,0,0,1,0,0,0,1,0,1,0,2
1566,1,1,0,0,0,0,0,1,1,0,1,1,1,1,1,1,1,1,1,1,1,0,0,0,0,0,0,1,1,0,2
1567,1,1,1,0,1,1,0,1,0,1,0,0,1,1,1,1,1,0,1,1,1,0,0,0,1,1,1,1,1,1,2
1568,1,1,0,0,0,0,0,1,1,0,1,1,1,1,1,1,1,1,1,1,0,1,1,1,1,0,0,0,1,0,2
1569,0,0,1,0,0,0,0,1,1,0,1,1,1,1,1,1,1,1,1,1,1,0,0,0,0,1,1,1,1,0,2
1570,1,1,1,0,0,0,1,0,1,0,1,1,1,1,1,1,1,1,1,1,1,0,0,0,0,0,1,0,1,0,2
1571,1,1,0,0,0,0,0,1,1,0,1,1,1,1,1,1,1,1,1,1,1,0,0,0,0,0,1,0,1,0,2
1572,0,1,0,0,0,1,0,0,1,0,0,1,1,1,1,1,1,1,1,1,0,0,1,0,0,1,0,0,1,0,2
1573,1,1,1,0,0,0,0,1,1,0,1,1,1,1,1,1,1,1,1,1,0,1,0,1,0,0,1,0,1,0,2
1574,1,1,1,0,0,0,1,0,1,0,1,1,1,1,1,1,1,1,1,1,0,1,0,1,0,0,0,1,1,0,2
1575,1,1,0,0,0,0,0,1,1,0,1,1,1,1,1,1,1,1,1,1,1,0,0,0,0,1,0,0,1,0,2
1576,0,0,1,0,0,0,0,1,1,0,1,1,1,1,1,1,1,0,1,1,0,1,1,1,1,0,0,1,1,0,2
1577,1,1,0,0,0,0,0,1,1,0,1,1,1,1,1,1,1,1,1,1,1,0,0,0,0,0,1,0,1,0,2
1578,1,1,0,0,0,0,0,1,1,0,1,1,1,1,1,1,1,1,1,1,1,0,0,0,0,0,1,0,1,0,2
1579,1,1,1,0,0,0,1,0,0,0,1,0,1,1,1,1,1,1,1,1,0,0,1,0,0,0,1,0,1,0,2
1580,0,0,0,1,0,1,1,0,0,0,0,1,0,1,0,1,1,1,1,1,0,1,1,1,0,1,1,1,1,0,2
1581,1,0,1,0,0,1,0,0,0,0,1,0,0,1,0,1,1,1,1,1,0,0,1,0,0,0,1,0,1,0,2
1582,0,0,1,0,0,0,0,1,1,0,1,1,1,1,1,1,1,1,1,1,1,0,0,0,0,1,1,1,1,0,2
1583,0,0,0,1,0,0,0,1,1,0,1,1,1,1,1,1,1,1,1,1,1,1,1,1,0,1,1,1,1,0,2
1584,1,1,1,0,0,0,0,1,1,0,1,1,1,1,1,1,1,1,1,1,0,0,1,0,0,1,0,0,1,0,2
1585,0,0,1,0,0,0,0,1,1,0,1,1,1,1,1,1,1,1,1,1,1,0,0,0,0,1,1,1,1,0,2
1586,1,1,1,0,1,1,0,0,1,0,0,1,1,1,1,1,1,1,1,1,0,0,1,0,0,0,0,1,1,0,2
1587,0,0,0,1,0,0,0,1,1,0,1,1,1,1,1,1,1,1,1,1,1,1,1,1,0,1,1,1,1,0,2
1588,0,0,0,1,0,0,0,1,1,0,1,1,1,1,1,1,1,1,1,1,1,1,1,1,0,1,1,1,1,0,2
1589,1,0,1,0,0,1,0,0,0,0,1,0,0,1,0,1,1,1,1,1,0,0,1,0,0,0,1,0,1,0,2
1590,0,1,0,0,0,1,0,0,0,0,1,0,1,1,1,1,1,1,1,1,0,0,1,0,0,0,1,0,1,0,2
1591,0,1,0,0,0,1,0,0,0,0,1,0,1,1,1,1,1,1,1,1,0,0,1,0,0,0,1,0,1,0,2
1592,0,0,1,0,0,0,1,0,1,0,1,1,1,1,1,1,1,1,1,1,1,0,0,0,1,0,0,1,1,1,2
1593,1,1,1,0,0,0,0,1,1,0,1,1,1,1,1,1,1,1,1,1,0,0,1,0,0,1,0,0,1,0,2
1594,1,1,1,0,0,0,1,0,0,0,1,0,1,1,1,1,1,1,1,1,0,0,1,0,0,0,1,0,1,0,2
1595,0,0,1,0,0,0,0,1,1,0,1,1,1,1,1,1,1,1,1,1,1,0,0,0,0,1,1,1,1,0,2
1596,0,0,1,0,0,0,0,1,1,0,1,1,1,1,1,1,1,1,1,1,1,0,0,0,0,1,1,1,1,0,2
1597,0,0,0,1,0,0,0,1,1,0,1,1,1,1,1,1,1,1,1,1,1,1,1,1,0,1,1,1,1,0,2
1598,0,0,1,0,0,1,0,0,1,0,0,1,0,1,0,1,0,1,1,1,0,1,1,1,0,1,0,0,1,0,2
1599,0,0,1,0,0,0,0,1,1,0,1,1,1,1,1,1,1,1,1,1,1,0,0,0,0,1,1,1,1,0,2
1600,0,0,1,0,0,0,0,1,1,0,1,1,1,1,1,1,0,1,1,1,0,1,1,1,0,0,0,1,1,0,2
1601,1,1,0,0,0,0,0,1,1,0,1,1,1,1,1,1,1,1,1,1,1,0,0,0,0,0,1,0,1,0,2
1602,1,1,0,0,0,0,0,1,1,0,1,1,1,1,1,1,1,1,1,1,1,0,0,0,0,0,1,0,1,0,2
1603,0,0,0,1,0,0,0,1,1,0,1,1,1,1,1,1,1,1,1,1,1,1,1,1,0,1,1,1,1,0,2
1604,0,0,1,0,0,0,0,1,1,0,1,1,1,1,1,1,1,1,1,1,1,0,0,0,0,1,1,1,1,0,2
1605,1,1,1,0,0,0,1,0,1,0,1,1,1,1,1,1,1,1,1,1,0,1,0,1,0,0,0,1,1,0,2
1606,1,1,0,0,0,0,0,1,1,0,1,1,1,1,1,1,1,1,1,1,1,0,0,0,0,0,1,0,1,0,2
1607,0,0,0,1,0,0,0,1,1,0,1,1,1,1,1,1,1,1,1,1,1,1,1,1,0,1,1,1,1,0,2
1608,0,0,0,1,0,0,0,1,1,0,1,1,1,1,1,1,1,1,1,1,1,1,1,1,0,1,1,1,1,0,2
1609,1,1,0,0,0,0,0,1,1,0,1,1,1,1,1,1,1,1,1,1,1,0,0,0,0,1,0,0,1,0,2
1610,0,0,0,1,0,1,1,0,1,0,1,1,1,0,1,0,1,1,1,1,1,0,0,0,0,1,1,1,1,1,2
1611,1,1,1,0,0,0,0,1,1,0,1,1,1,1,1,1,1,1,1,1,0,1,0,1,0,0,1,0,1,0,2
1612,0,0,0,1,0,0,0,1,1,0,1,1,1,1,1,1,1,1,1,1,1,1,1,1,0,1,1,1,1,0,2
1613,0,0,0,1,0,0,0,1,1,0,1,1,1,1,1,1,1,1,1,1,1,1,1,1,0,1,1,1,1,0,2
1614,0,1,0,0,0,1,0,0,1,0,0,1,1,1,1,1,1,1,1,1,0,1,0,1,0,0,1,0,1,0,2
1615,1,1,0,0,0,0,0,1,1,0,1,1,1,1,1,1,1,1,1,1,1,0,0,0,0,0,1,0,1,0,2
1616,0,0,0,1,0,1,1,0,1,0,1,1,1,0,1,0,1,1,1,1,1,0,0,0,0,1,1,1,1,1,2
1617,1,0,1,0,0,0,0,1,1,0,1,1,1,1,1,1,1,1,1,1,0,0,1,0,0,0,1,0,1,0,2
1618,1,1,0,0,0,0,0,1,1,0,1,1,1,1,1,1,1,1,1,1,1,0,0,0,0,0,1,0,1,0,2
1619,1,1,1,0,0,0,1,0,1,0,1,1,1,1,1,1,1,1,1,1,1,0,0,0,0,0,1,0,1,0,2
1620,1,1,0,0,1,1,0,0,1,0,1,1,1,1,1,1,1,1,1,1,1,0,0,0,0,0,0,1,1,0,2
1621,0,0,0,1,0,0,0,1,1,0,1,1,1,1,1,1,1,1,1,1,1,1,1,1,0,1,1,1,1,0,2
1622,1,1,0,0,0,0,0,1,1,0,1,1,1,1,1,1,1,1,1,1,1,0,0,0,0,0,1,0,1,0,2
1623,1,1,0,0,0,0,1,0,1,0,1,1,1,1,1,1,1,1,1,1,1,0,0,0,1,0,0,1,1,1,2
1624,0,0,1,0,0,0,0,1,1,0,1,1,1,1,1,1,1,0,1,1,0,1,1,1,1,0,0,1,1,0,2
1625,1,1,1,0,0,0,0,1,1,0,1,1,1,1,1,1,1,1,1,1,0,1,0,1,0,0,1,0,1,0,2
1626,0,0,1,0,0,1,0,0,1,0,0,1,0,1,0,1,1,1,1,0,0,1,1,1,0,0,1,0,1,0,2
1627,0,0,1,0,0,0,0,1,1,0,1,1,1,1,1,1,1,1,1,1,1,0,0,0,0,1,1,1,1,0,2
1628,1,1,0,0,0,0,0,1,1,0,1,1,1,1,1,1,1,1,1,1,1,0,0,0,0,0,1,0,1,0,2
1629,1,1,1,0,1,1,0,0,1,0,0,1,1,1,1,1,1,1,1,1,0,0,1,0,0,0,0,1,1,0,2
1630,0,0,0,1,0,0,0,1,1,0,1,1,1,1,1,1,1,1,1,1,1,1,1,1,0,1,1,1,1,0,2
1631,1,1,1,0,1,1,0,0,1,0,0,1,1,1,1,1,1,1,1,1,0,0,1,0,0,0,0,1,1,0,2
1632,0,0,0,1,0,1,1,0,1,0,1,0,1,0,1,0,1,1,1,0,0,0,1,0,0,1,1,0,1,0,2
1633,1,1,0,0,0,0,0,1,1,0,1,1,1,1,1,1,1,1,1,1,0,1,1,1,0,0,0,1,1,0,2
1634,0,0,0,1,0,0,0,1,1,0,1,1,1,1,1,1,1,1,1,1,1,1,1,1,0,1,1,1,1,0,2
1635,0,0,1,0,0,0,0,1,1,0,1,1,1,1,1,1,1,1,1,1,1,0,0,0,0,1,1,1,1,0,2
1636,0,0,1,0,0,0,0,1,1,0,1,1,1,1,1,1,1,1,1,1,1,0,0,0,0,1,1,1,1,0,2
1637,1,0,1,0,0,0,0,1,1,0,1,1,1,1,1,1,1,1,1,1,0,0,1,0,0,0,1,0,1,0,2
1638,1,1,1,0,0,0,1,0,1,0,1,1,1,1,1,1,1,1,1,1,1,0,0,0,0,0,1,0,1,0,2
1639,1,1,1,0,0,0,1,0,0,0,1,0,1,1,1,1,1,1,1,1,0,0,1,0,0,1,0,0,1,0,2
1640,0,0,0,1,0,1,1,0,1,0,1,1,1,0,1,0,1,1,1,1,1,0,0,0,0,1,1,1,1,1,2
1641,1,1,1,0,0,0,1,0,1,0,1,0,1,1,1,1,1,1,1,1,0,0,1,0,0,0,0,1,1,0,2
1642,1,1,0,0,0,0,1,0,1,0,1,1,0,1,0,0,1,1,1,1,1,0,0,0,0,1,0,0,1,0,2
1643,0,0,1,0,0,0,0,1,1,0,1,1,1,1,1,1,1,1,1,1,1,0,0,0,0,1,1,1,1,0,2
1644,0,0,0,1,0,0,0,1,1,0,1,1,1,1,1,1,1,1,1,1,1,1,1,1,0,1,1,1,1,0,2
1645,0,0,0,1,0,1,0,0,1,0,1,0,0,1,0,1,1,0,1,1,0,1,1,1,0,1,1,1,1,0,2
1646,0,0,1,0,0,1,0,0,0,1,0,0,0,1,0,1,1,1,1,1,0,0,1,0,0,0,1,0,1,0,2
1647,0,0,0,1,0,0,0,1,1,0,1,1,1,1,1,1,1,1,1,1,1,1,1,1,0,1,1,1,1,0,2
1648,0,0,1,0,0,0,0,1,1,0,1,1,1,1,1,1,1,0,1,1,0,1,1,1,1,0,0,1,1,0,2
1649,0,0,0,1,0,0,0,1,1,0,1,1,1,1,1,1,1,1,1,1,1,1,1,1,0,1,1,1,1,0,2
1650,0,0,1,0,0,0,0,1,1,0,1,1,1,1,1,1,1,1,1,1,1,0,0,0,0,1,1,1,1,0,2
1651,0,0,0,1,0,0,0,1,1,0,1,1,1,1,1,1,1,1,1,1,1,1,1,1,0,1,1,1,1,0,2
1652,1,1,1,0,0,0,1,0,1,0,1,1,1,0,1,1,1,1,1,1,1,0,0,0,0,1,0,0,1,0,2
1653,0,0,0,1,0,0,0,1,1,0,1,1,1,1,1,1,1,1,1,1,1,1,1,1,0,1,1,1,1,0,2
1654,0,0,1,0,1,1,0,1,0,1,0,0,1,0,1,0,1,1,1,1,0,0,1,0,0,0,0,1,1,0,2
1655,1,1,1,0,0,0,1,0,0,0,0,1,1,1,1,1,1,1,1,1,0,0,1,0,0,1,0,0,1,0,2
1656,1,1,1,0,0,0,1,0,0,0,1,0,1,1,1,1,1,1,1,1,0,0,1,0,0,1,0,0,1,0,2
1657,1,1,1,0,0,0,1,0,0,0,1,0,1,1,1,1,1,1,1,1,0,0,1,0,0,0,1,0,1,0,2
1658,0,1,0,0,0,0,0,1,1,0,1,1,1,1,1,1,1,1,1,1,0,0,1,0,0,0,1,0,1,0,2
1659,1,1,0,0,0,0,0,1,1,0,1,1,1,1,1,1,1,1,1,1,1,0,0,0,0,1,0,0,1,0,2
1660,1,1,0,0,0,0,0,1,1,0,1,1,1,1,1,1,1,1,1,1,1,0,0,0,0,0,1,0,1,0,2
1661,1,1,1,0,0,0,1,0,0,0,0,1,1,1,1,1,1,1,1,1,0,1,0,1,0,0,1,0,1,0,2
1662,0,0,1,0,0,0,0,1,1,0,1,1,1,1,1,1,1,1,1,1,1,0,0,0,0,1,1,1,1,0,2
1663,1,1,1,0,0,0,1,0,0,0,0,1,1,1,1,1,1,1,1,1,0,1,0,1,0,0,1,0,1,0,2
1664,1,1,1,0,0,0,1,0,1,0,1,0,1,1,1,1,1,1,1,1,0,1,0,1,0,1,1,0,1,0,2
1665,0,0,0,1,0,0,0,1,1,0,1,1,1,1,1,1,1,1,1,1,1,1,1,1,0,1,1,1,1,0,2
1666,0,0,1,0,0,0,0,1,1,0,1,1,1,1,1,1,1,1,1,1,1,0,0,0,0,1,1,1,1,0,2
1667,0,0,0,1,0,0,0,1,1,0,1,1,1,1,1,1,1,1,1,1,1,1,1,1,0,1,1,1,1,0,2
1668,1,1,0,0,0,0,0,1,1,0,1,1,1,1,1,1,1,1,1,1,1,0,0,0,0,0,1,0,1,0,2
1669,0,0,0,1,0,0,0,1,1,0,1,1,1,1,1,1,1,1,1,1,1,1,1,1,0,1,1,1,1,0,2
1670,0,0,0,1,0,0,1,0,1,0,1,0,0,1,0,1,1,0,1,1,0,0,1,0,0,1,1,1,1,0,2
1671,0,0,1,0,0,0,0,1,1,0,1,1,1,1,1,1,0,1,1,1,0,1,1,1,0,0,0,1,1,0,2
1672,1,1,1,0,0,0,1,0,0,0,1,0,1,1,1,1,1,1,1,1,0,0,1,0,0,0,1,0,1,0,2
1673,0,0,0,1,0,0,0,1,1,0,1,1,1,1,1,1,1,1,1,1,1,1,1,1,0,1,1,1,1,0,2
1674,0,0,0,1,0,0,0,1,1,0,1,1,1,1,1,1,1,1,1,1,1,1,1,1,0,1,1,1,1,0,2
1675,1,1,0,0,1,1,0,0,1,0,1,1,1,1,1,1,1,1,1,1,1,0,0,0,0,0,1,0,1,0,2
1676,1,1,0,0,0,0,0,1,1,0,1,1,1,1,1,1,1,1,1,1,1,0,0,0,0,0,0,1,1,0,2
1677,1,1,0,0,0,0,0,1,1,0,1,1,1,1,1,1,1,1,1,1,1,0,0,0,0,0,0,1,1,0,2
1678,0,0,1,0,0,0,0,1,1,0,1,1,1,1,1,1,1,1,1,1,1,0,0,0,0,1,1,1,1,0,2
1679,1,1,1,0,0,0,1,0,0,0,1,0,1,1,1,1,1,1,1,1,0,0,1,0,0,0,1,0,1,0,2
1680,0,0,0,1,0,0,0,1,1,0,1,1,1,1,1,1,1,1,1,1,1,1,1,1,0,1,1,1,1,0,2
1681,0,1,0,0,0,0,0,1,1,0,1,1,1,1,1,1,1,1,1,1,0,0,1,0,0,0,1,0,1,0,2
1682,0,0,1,0,0,0,0,1,1,0,1,1,1,1,1,1,0,1,1,1,0,1,1,1,1,0,0,0,1,0,2
1683,0,0,0,1,0,0,0,1,1,0,1,1,1,1,1,1,1,1,1,1,1,1,1,1,0,1,1,1,1,0,2
1684,0,0,1,0,0,1,0,0,0,1,0,0,1,0,1,0,1,1,1,1,0,0,1,0,0,0,1,0,1,0,2
1685,0,0,0,1,0,1,1,0,0,1,0,0,1,0,1,0,1,1,1,1,1,1,1,1,0,0,1,0,1,1,2
1686,1,1,1,0,0,0,1,0,0,0,1,0,1,1,1,1,1,1,1,1,0,1,0,1,1,0,0,0,1,0,2
1687,1,1,1,0,1,0,0,0,1,0,0,1,0,1,0,1,1,1,1,1,0,0,1,0,0,1,1,0,1,0,2
1688,0,0,0,1,0,1,1,0,1,0,1,1,1,0,1,0,1,0,1,1,0,1,0,1,0,1,1,0,1,0,2
1689,0,0,1,0,0,0,0,1,1,0,1,1,1,1,1,1,1,0,1,1,0,1,1,1,1,0,0,1,1,0,2
1690,1,1,0,0,1,1,0,0,0,0,1,0,1,1,1,1,1,1,1,1,0,0,1,0,0,0,0,1,1,0,2
1691,1,1,1,0,1,1,0,0,0,0,1,0,1,1,1,1,1,1,1,1,0,0,1,0,1,0,0,0,1,0,2
1692,1,1,0,0,0,0,0,1,1,0,1,1,1,1,1,1,1,1,1,1,1,0,0,0,0,0,1,0,1,0,2
1693,1,1,0,0,0,0,1,0,1,0,1,1,1,1,1,1,1,1,1,1,1,0,0,0,1,0,0,1,1,1,2
1694,0,0,1,0,0,0,0,1,1,0,1,1,1,1,1,1,1,0,1,1,0,1,1,1,1,0,0,1,1,0,2
1695,0,0,0,1,0,0,0,1,1,0,1,1,1,1,1,1,1,1,1,1,1,1,1,1,0,1,1,1,1,0,2
1696,0,0,1,0,0,1,0,0,0,1,0,0,1,0,1,0,1,1,1,1,0,0,1,0,0,0,1,0,1,0,2
1697,0,1,0,0,0,1,0,0,0,0,1,0,1,1,1,1,1,1,0,1,0,0,1,0,0,1,0,0,1,0,2
1698,1,1,1,0,1,1,0,0,0,0,1,0,1,1,1,1,1,1,1,1,0,0,1,0,1,0,0,0,1,0,2
1699,0,0,1,0,0,0,1,0,1,0,1,1,1,1,1,1,1,1,1,1,1,0,0,0,1,0,0,1,1,1,2
1700,1,1,0,0,0,0,0,1,1,0,1,1,1,1,1,1,1,1,1,1,1,0,0,0,0,0,1,0,1,0,2
1701,0,0,1,0,0,0,0,1,1,0,1,1,1,1,1,1,1,1,1,1,1,0,0,0,0,1,1,1,1,0,2
1702,0,0,0,1,0,1,1,0,1,0,1,1,0,1,0,1,1,1,1,1,1,0,0,0,1,1,1,1,1,1,2
1703,0,0,0,1,0,1,1,0,1,0,1,1,0,1,0,1,1,1,1,1,1,0,0,0,1,1,1,1,1,1,2
1704,0,0,1,0,0,0,0,1,1,0,1,1,1,1,1,1,1,1,1,1,1,0,0,0,0,1,1,1,1,0,2
1705,0,0,1,0,0,1,0,0,1,0,0,1,1,0,1,0,1,1,1,1,0,1,1,1,0,0,1,0,1,0,2
1706,0,0,1,0,0,0,0,1,1,0,1,1,1,1,1,1,1,1,1,1,1,0,0,0,0,1,1,1,1,0,2
1707,0,0,1,0,0,0,0,1,1,0,1,1,1,1,1,1,1,0,1,1,0,1,1,1,1,0,0,1,1,0,2
1708,0,0,1,0,0,0,1,0,1,0,1,1,1,1,1,1,1,1,1,1,1,0,0,0,1,0,0,1,1,1,2
1709,0,0,0,1,0,0,0,1,1,0,1,1,1,1,1,1,1,1,1,1,1,1,1,1,0,1,1,1,1,0,2
1710,0,0,0,1,0,0,0,1,1,0,1,1,1,1,1,1,1,1,1,1,1,1,1,1,0,1,1,1,1,0,2
1711,1,1,0,0,0,0,0,1,1,0,1,1,1,1,1,1,1,1,1,1,1,0,0,0,0,1,0,0,1,0,2
1712,0,0,0,1,1,0,0,0,0,0,1,0,0,1,0,1,1,1,1,1,1,0,0,0,0,1,1,1,1,0,2
1713,0,0,1,0,0,1,0,0,1,0,0,1,0,1,0,1,1,1,1,0,0,1,1,1,0,0,1,0,1,0,2
1714,0,0,0,1,0,0,0,1,1,0,1,1,1,1,1,1,1,1,1,1,1,1,1,1,0,1,1,1,1,0,2
1715,1,1,1,0,0,0,1,0,1,0,1,1,1,1,1,1,1,1,1,1,0,1,0,1,0,0,0,1,1,0,2
1716,0,0,0,1,0,0,0,1,1,0,1,1,1,1,1,1,1,1,1,1,1,1,1,1,0,1,1,1,1,0,2
1717,1,1,1,0,0,0,1,0,1,0,1,1,1,1,1,1,1,1,1,1,1,0,0,0,0,0,1,0,1,0,2
1718,0,0,1,0,1,1,0,0,1,0,0,1,1,0,1,0,1,1,1,1,0,1,0,1,1,0,0,0,1,0,2
1719,0,0,0,1,0,1,1,0,0,1,0,0,1,0,1,0,1,1,1,1,1,1,1,1,0,0,1,0,1,1,2
1720,0,0,1,0,0,0,1,0,1,0,1,1,1,1,1,1,1,1,1,1,1,0,0,0,1,0,0,1,1,1,2
1721,0,0,0,1,0,0,0,1,1,0,1,1,1,1,1,1,1,1,1,1,1,1,1,1,0,1,1,1,1,0,2
1722,0,0,0,1,0,0,0,1,1,0,1,1,1,1,1,1,1,1,1,1,1,1,1,1,0,1,1,1,1,0,2
1723,0,0,1,0,0,0,0,1,1,0,1,1,1,1,1,1,1,0,1,1,0,1,1,1,1,0,0,1,1,0,2
1724,0,0,1,0,0,1,0,0,1,0,0,1,1,1,1,1,1,0,1,1,0,0,1,0,0,1,0,0,1,0,2
1725,1,1,1,0,0,0,1,0,1,0,0,0,1,1,1,1,1,1,1,1,0,0,1,0,0,1,1,0,1,0,2
1726,0,0,0,1,0,1,1,0,1,0,1,1,0,1,0,1,1,1,1,1,1,0,0,0,1,1,1,1,1,1,2
1727,0,0,0,1,0,0,0,1,1,0,1,1,1,1,1,1,1,1,1,1,1,1,1,1,0,1,1,1,1,0,2
1728,0,0,0,1,0,1,1,0,1,0,1,1,1,0,1,0,1,0,1,1,0,1,0,1,0,1,1,0,1,0,2
1729,0,1,0,0,0,1,0,0,0,0,1,0,1,1,1,1,1,1,1,1,0,0,1,0,0,0,1,0,1,0,2
1730,0,0,1,0,0,0,0,1,1,0,1,1,1,1,1,1,1,0,1,1,0,1,1,1,1,0,0,1,1,0,2
1731,1,1,0,0,0,0,0,1,1,0,1,1,1,1,1,1,1,1,1,1,0,1,1,1,0,0,0,1,1,0,2
1732,0,0,1,0,0,0,0,1,1,0,1,1,1,1,1,1,1,1,1,1,1,0,0,0,0,1,1,1,1,0,2
1733,0,0,0,1,1,0,0,0,1,0,0,1,1,0,1,0,1,1,1,1,0,0,1,0,0,1,0,1,1,0,2
1734,1,1,0,0,0,0,0,1,1,0,1,1,1,1,1,1,1,1,1,1,1,0,0,0,0,0,0,1,1,0,2
1735,1,1,1,0,0,0,0,1,1,0,1,1,1,1,1,1,1,1,1,1,0,1,0,1,0,0,1,0,1,0,2
1736,1,1,1,0,0,0,1,0,1,0,0,0,1,1,1,1,1,1,1,1,0,0,1,0,0,1,1,0,1,0,2
1737,1,1,0,0,0,0,1,0,1,0,1,1,1,1,1,1,1,1,1,1,1,0,0,0,1,0,0,1,1,1,2
1738,1,1,0,0,0,0,0,1,1,0,1,1,1,1,1,1,1,1,1,1,1,0,0,0,0,0,1,0,1,0,2
1739,1,1,0,0,0,0,0,1,1,0,1,1,1,1,1,1,1,1,1,1,1,0,0,0,0,0,1,0,1,0,2
1740,0,0,1,0,0,1,0,0,1,0,0,1,1,1,1,1,1,0,1,1,0,1,0,1,0,1,0,0,1,0,2
1741,1,1,0,0,0,0,1,0,1,0,1,1,1,1,1,1,1,1,1,1,1,0,0,0,1,0,0,1,1,1,2
1742,1,1,1,0,0,0,1,0,1,0,0,1,1,1,1,1,1,1,1,1,0,1,0,1,1,0,0,0,1,0,2
1743,0,0,0,1,0,0,0,1,1,0,1,1,1,1,1,1,1,1,1,1,1,1,1,1,0,1,1,1,1,0,2
1744,1,1,0,0,0,0,0,1,1,0,1,1,1,1,1,1,1,1,1,1,1,0,0,0,0,0,1,0,1,0,2
1745,0,0,0,1,0,1,0,0,1,0,1,0,0,1,0,1,1,0,1,1,0,1,1,1,0,1,1,1,1,0,2
1746,0,0,0,1,0,1,1,0,0,0,0,1,0,1,0,1,1,1,1,1,0,1,1,1,0,1,1,1,1,0,2
1747,1,1,1,0,0,0,1,0,0,0,1,0,1,1,1,1,1,1,1,1,0,0,1,0,0,1,0,0,1,0,2
1748,0,0,0,1,0,0,0,1,1,0,1,1,1,1,1,1,1,1,1,1,1,1,1,1,0,1,1,1,1,0,2
1749,0,0,0,1,0,0,0,1,1,0,1,1,1,1,1,1,1,1,1,1,1,1,1,1,0,1,1,1,1,0,2
1750,0,0,1,0,0,0,0,1,1,0,1,1,1,1,1,1,1,0,1,1,0,1,1,1,1,0,0,1,1,0,2
1751,0,0,0,1,0,0,0,1,1,0,1,1,1,1,1,1,1,1,1,1,1,1,1,1,0,1,1,1,1,0,2
1752,0,0,1,0,0,0,0,1,1,0,1,1,1,1,1,1,1,1,1,1,1,0,0,0,0,1,1,1,1,0,2
1753,0,0,1,0,0,0,0,1,1,0,1,1,1,1,1,1,1,1,1,1,1,0,0,0,0,1,1,1,1,0,2
1754,0,0,1,0,0,0,0,1,1,0,1,1,1,1,1,1,1,1,1,1,1,0,0,0,0,1,1,1,1,0,2
1755,1,1,0,0,1,1,0,1,0,1,0,0,1,1,1,1,1,1,1,1,0,0,1,0,1,0,0,1,1,0,2
1756,0,0,0,1,0,0,0,1,1,0,1,1,1,1,1,1,1,1,1,1,1,1,1,1,0,1,1,1,1,0,2
1757,0,0,0,1,0,1,1,0,0,0,1,0,1,0,1,0,1,1,1,1,0,1,0,1,1,0,0,1,1,1,2
1758,1,0,1,0,0,1,0,0,0,0,1,0,0,1,0,1,1,1,1,1,0,0,1,0,0,0,1,0,1,0,2
1759,0,0,0,1,1,0,0,0,1,0,1,1,1,0,1,0,1,1,1,1,0,0,1,0,0,0,1,0,1,0,2
1760,0,1,0,0,0,0,0,1,1,0,1,1,1,1,1,1,1,1,1,1,0,0,1,0,0,0,1,0,1,0,2
1761,1,1,1,0,0,0,1,0,1,0,1,1,1,0,1,1,1,1,1,1,1,0,0,0,0,1,0,0,1,0,2
1762,1,1,1,0,0,0,1,0,0,0,1,0,1,1,1,1,1,1,1,1,0,0,1,0,0,0,1,0,1,0,2
1763,0,0,1,0,1,0,0,0,1,0,1,1,1,0,1,0,1,1,1,1,0,1,0,1,0,1,1,0,1,0,2
1764,0,0,1,0,0,0,0,1,1,0,1,1,1,1,1,1,1,1,1,1,1,0,0,0,0,1,1,1,1,0,2
1765,1,1,0,0,0,0,0,1,1,0,1,1,1,1,1,1,1,1,1,1,1,0,0,0,0,0,0,1,1,0,2
1766,1,0,1,0,0,0,0,1,1,0,1,1,1,1,1,1,1,1,1,1,0,0,1,0,0,0,1,0,1,0,2
1767,1,1,1,0,0,0,1,0,1,0,1,0,1,1,1,1,1,1,1,1,0,0,1,0,1,0,0,0,1,0,2
1768,0,0,1,0,1,1,0,1,0,1,0,0,1,0,1,0,1,1,1,1,0,0,1,0,0,0,0,1,1,0,2
1769,1,1,1,0,0,0,1,0,0,0,0,1,1,1,1,1,1,1,1,1,0,0,1,0,0,1,0,0,1,0,3
1770,1,1,1,0,0,0,1,0,0,0,0,1,1,1,1,1,1,1,1,1,0,0,1,0,0,0,1,0,1,0,3
1771,1,1,1,0,0,0,1,0,0,0,1,0,1,1,1,1,1,1,1,1,0,0,1,0,0,1,0,0,1,0,3
1772,0,0,0,1,0,0,0,1,1,0,1,1,1,1,1,1,1,1,1,1,1,1,1,1,0,1,1,1,1,0,3
1773,1,1,1,0,0,0,0,1,1,0,1,1,1,1,1,1,1,1,1,1,0,1,0,1,0,0,1,0,1,0,3
1774,1,1,1,0,0,0,0,1,1,0,1,1,1,1,1,1,1,1,1,1,0,1,0,1,0,0,1,0,1,0,3
1775,1,1,1,0,1,1,0,1,0,1,0,0,0,1,0,0,1,1,1,1,0,1,0,1,0,1,1,1,1,0,3
1776,0,1,0,0,0,1,0,0,0,0,1,0,1,1,1,1,1,1,1,1,0,1,0,1,0,1,1,0,1,0,3
1777,1,1,1,0,0,0,1,0,1,0,1,0,1,1,1,1,1,1,1,1,0,0,1,0,1,0,0,0,1,0,3
1778,1,0,1,0,0,1,0,0,0,0,1,0,1,0,1,0,1,1,1,1,0,0,1,0,0,0,1,0,1,0,3
1779,1,1,0,0,0,0,0,1,1,0,1,1,1,1,1,1,1,1,1,1,1,0,0,0,0,0,1,0,1,0,3
1780,1,1,1,0,0,0,1,0,1,0,1,1,1,1,1,1,1,1,1,1,0,1,0,1,0,0,0,1,1,0,3
1781,0,0,0,1,0,0,0,1,1,0,1,1,1,1,1,1,1,1,1,1,1,1,1,1,0,1,1,1,1,0,3
1782,1,1,1,0,0,0,1,0,0,0,0,1,1,1,1,1,1,1,1,1,0,1,0,1,0,0,1,0,1,0,3
1783,0,0,0,1,0,0,0,1,1,0,1,1,1,1,1,1,1,1,1,1,1,1,1,1,0,1,1,1,1,0,3
1784,0,0,1,0,0,0,0,1,1,0,1,1,1,1,1,1,1,1,1,1,1,0,0,0,0,1,1,1,1,0,3
1785,1,1,1,0,1,1,0,0,0,0,1,0,1,1,1,1,1,1,1,1,0,1,0,1,0,0,0,1,1,0,3
1786,1,1,1,0,0,0,1,0,0,0,0,1,1,1,1,1,1,1,1,1,0,0,1,0,0,0,1,0,1,0,3
1787,0,0,1,0,1,1,0,1,0,1,0,0,1,0,1,1,1,1,1,1,0,1,0,1,0,1,0,0,1,0,3
1788,1,1,1,0,0,0,1,0,1,0,1,1,1,1,1,1,1,1,1,1,0,1,0,1,0,0,0,1,1,0,3
1789,0,1,0,0,0,0,0,1,1,0,1,1,1,1,1,1,1,1,1,1,0,0,1,0,0,0,1,0,1,0,3
1790,1,1,1,0,1,1,0,0,0,0,1,0,1,1,1,1,1,1,1,1,0,0,1,0,1,0,0,0,1,0,3
1791,1,1,1,0,0,0,1,0,1,0,1,1,1,1,1,1,1,1,1,1,1,0,0,0,0,0,1,0,1,0,3
1792,0,0,1,0,0,1,0,0,0,0,1,0,0,1,0,1,1,1,1,1,0,0,1,0,0,0,0,1,1,0,3
1793,0,0,1,0,0,0,0,1,1,0,1,1,1,1,1,1,1,1,1,1,1,0,0,0,0,1,1,1,1,0,3
1794,0,0,1,0,0,0,0,1,1,0,1,1,1,1,1,1,1,1,1,1,1,0,0,0,0,1,1,1,1,0,3
1795,0,0,1,0,0,0,0,1,1,0,1,1,1,1,1,1,1,0,1,1,0,1,1,1,1,0,0,1,1,0,3
1796,1,1,0,0,0,0,0,1,1,0,1,1,1,1,1,1,1,1,1,1,0,1,1,1,0,0,0,1,1,0,3
1797,0,0,0,1,0,0,0,1,1,0,1,1,1,1,1,1,1,1,1,1,1,1,1,1,0,1,1,1,1,0,3
1798,0,1,0,0,0,1,0,0,0,0,1,0,1,1,1,1,1,1,1,0,0,0,1,0,0,1,0,0,1,0,3
1799,1,1,1,0,0,0,1,0,0,0,1,0,1,1,1,1,1,1,1,1,0,0,1,0,0,1,0,0,1,0,3
1800,1,1,1,0,0,0,0,1,1,0,1,1,1,1,1,1,1,1,1,1,0,1,0,1,0,0,1,0,1,0,3
1801,0,1,0,0,1,1,0,1,0,1,0,0,1,1,1,1,1,1,1,1,0,0,1,0,0,1,1,0,1,0,3
1802,0,0,1,0,0,0,0,1,1,0,1,1,1,1,1,1,1,1,1,1,1,0,0,0,0,1,1,1,1,0,3
1803,0,0,1,0,1,0,0,1,0,1,0,0,1,1,1,1,1,1,1,1,0,0,1,0,0,0,1,0,1,0,3
1804,0,0,0,1,0,1,0,0,1,0,1,0,0,1,0,1,1,0,1,1,0,1,1,1,0,1,1,1,1,0,3
1805,1,1,0,0,0,0,0,1,1,0,1,1,1,1,1,1,1,1,1,1,0,1,1,1,0,0,0,1,1,0,3
1806,1,1,1,0,0,0,1,0,0,0,0,1,1,1,1,1,1,1,1,1,0,0,1,0,0,0,1,0,1,0,3
1807,0,0,0,1,0,0,0,1,1,0,1,1,1,1,1,1,1,1,1,1,1,1,1,1,0,1,1,1,1,0,3
1808,1,1,1,0,0,0,1,0,1,0,1,0,1,1,1,1,1,1,1,1,0,1,0,1,0,1,1,0,1,0,3
1809,0,0,1,0,0,0,0,1,1,0,1,1,1,1,1,1,1,1,1,1,1,0,0,0,0,1,1,1,1,0,3
1810,0,0,1,0,1,1,0,1,0,1,0,0,1,0,1,1,1,1,1,0,0,1,0,1,0,0,1,0,1,0,3
1811,0,1,0,0,1,1,0,1,0,1,0,0,1,1,1,1,1,1,1,1,0,0,1,0,0,1,1,0,1,0,3
1812,0,0,0,1,0,0,0,1,1,0,1,1,1,1,1,1,1,1,1,1,1,1,1,1,0,1,1,1,1,0,3
1813,1,1,1,0,1,0,0,1,0,1,0,0,1,1,1,1,1,1,1,1,0,0,1,0,1,0,0,1,0,1,3
1814,1,0,1,0,0,1,0,0,0,0,1,0,1,0,1,0,1,1,1,1,0,0,1,0,0,0,1,0,1,0,3
1815,1,1,1,0,0,0,1,0,0,1,0,0,0,1,0,1,1,1,1,1,1,1,0,1,1,1,1,1,1,1,3
1816,0,0,0,1,0,0,0,1,1,0,1,1,1,1,1,1,1,1,1,1,1,1,1,1,0,1,1,1,1,0,3
1817,1,1,1,0,1,0,0,0,0,0,1,0,1,1,1,1,1,1,1,1,0,0,1,0,0,0,1,0,1,0,3
1818,1,1,1,0,0,0,1,0,1,0,1,1,1,1,1,1,1,1,1,1,1,0,0,0,0,0,1,0,1,0,3
1819,0,0,0,1,0,0,0,1,1,0,1,1,1,1,1,1,1,1,1,1,1,1,1,1,0,1,1,1,1,0,3
1820,1,1,0,0,1,1,0,1,0,1,0,0,0,1,0,0,1,1,1,1,0,1,0,1,0,1,1,1,0,1,3
1821,0,0,1,0,0,0,0,1,1,0,1,1,1,1,1,1,1,1,1,1,1,0,0,0,0,1,1,1,1,0,3
1822,1,1,1,0,0,0,1,0,1,0,1,0,1,1,1,1,1,1,1,1,0,1,0,1,0,1,1,0,1,0,3
1823,0,0,1,0,1,1,0,1,0,1,0,0,1,0,1,1,1,1,1,1,0,1,0,1,0,1,0,0,1,0,3
1824,1,1,0,0,0,0,0,1,1,0,1,1,1,1,1,1,1,1,1,1,1,0,0,0,0,0,1,0,1,0,3
1825,0,1,0,0,0,1,0,0,0,0,1,0,1,1,1,1,1,1,1,1,0,0,1,0,0,0,1,0,1,0,3
1826,1,1,1,0,1,0,0,0,0,0,1,0,1,1,1,1,1,1,1,1,0,0,1,0,0,0,1,0,1,0,3
1827,0,0,0,1,0,1,1,0,1,0,1,1,1,0,1,0,1,1,1,1,1,0,0,0,0,1,1,1,1,1,3
1828,1,1,1,0,1,0,0,0,0,0,1,0,1,1,1,1,1,1,1,1,0,0,1,0,0,1,0,0,1,0,3
1829,0,1,0,0,1,1,0,1,0,1,0,0,1,1,1,1,1,1,1,1,0,0,1,0,0,1,1,0,1,0,3
1830,1,1,0,0,0,0,1,0,1,0,1,1,1,1,1,1,1,1,1,1,1,0,0,0,1,0,0,1,1,1,3
1831,1,1,1,0,0,0,1,0,1,0,1,1,1,1,1,1,1,1,1,1,0,1,0,1,0,0,0,1,1,0,3
1832,0,0,1,0,1,0,0,0,0,0,1,0,1,1,1,1,1,1,1,1,0,0,1,0,0,0,0,1,1,0,3
1833,1,1,1,0,1,1,0,0,0,0,1,0,1,1,1,1,1,1,1,1,0,0,1,0,1,0,0,0,1,0,3
1834,1,0,1,0,0,0,0,1,1,0,1,1,1,1,1,1,1,1,1,1,0,0,1,0,0,0,1,0,1,0,3
1835,1,1,1,0,0,0,1,0,1,0,1,0,1,1,1,1,1,1,1,1,0,0,1,0,1,0,0,0,1,0,3
1836,1,1,0,0,0,0,1,0,1,0,1,1,1,1,1,1,1,1,1,1,1,0,0,0,1,0,0,1,1,1,3
1837,0,0,0,1,0,0,0,1,1,0,1,1,1,1,1,1,1,1,1,1,1,1,1,1,0,1,1,1,1,0,3
1838,1,1,1,0,0,0,1,0,0,0,1,0,1,1,1,1,1,1,1,1,0,1,0,1,1,0,0,0,1,0,3
1839,1,1,1,0,0,0,0,1,0,0,1,0,1,1,1,1,1,1,0,1,0,1,0,1,0,1,0,0,1,0,3
1840,0,0,1,0,1,1,0,1,0,1,0,0,1,0,1,1,1,1,1,0,0,1,0,1,0,0,1,0,1,0,3
1841,0,1,0,0,1,1,0,1,0,1,0,0,1,1,1,1,1,1,1,1,0,0,1,0,0,1,1,0,1,0,3
1842,0,0,1,0,0,0,0,1,1,0,1,1,1,1,1,1,1,0,1,1,0,1,1,1,1,0,0,1,1,0,3
1843,0,1,0,0,1,1,0,1,0,1,0,0,1,1,1,1,1,1,1,1,0,0,1,0,0,1,1,0,1,0,3
1844,0,0,0,1,0,1,1,0,0,1,0,0,0,1,0,1,1,0,1,0,1,1,1,1,1,1,1,1,1,1,3
1845,0,1,0,0,0,1,0,0,1,0,0,1,1,1,1,1,1,1,1,1,0,0,1,0,0,0,1,0,1,0,3
1846,0,0,0,1,0,1,1,0,1,0,1,1,1,0,1,0,1,1,1,1,1,0,0,0,0,1,1,1,1,1,3
1847,0,0,1,0,0,0,1,0,0,1,0,0,1,1,1,1,1,1,1,1,0,0,1,0,1,0,0,1,1,1,3
1848,0,0,1,0,1,0,0,1,0,1,0,0,1,1,1,1,1,1,1,1,0,0,1,0,0,0,1,0,1,0,3
1849,1,1,1,0,0,0,1,0,0,0,1,0,1,1,1,1,1,1,1,1,0,1,0,1,1,0,0,0,1,0,3
1850,0,0,0,1,0,0,0,1,1,0,1,1,1,1,1,1,1,1,1,1,1,1,1,1,0,1,1,1,1,0,3
1851,0,0,1,0,1,0,0,1,0,1,0,0,1,1,1,1,1,1,1,1,0,0,1,0,0,0,1,0,1,0,3
1852,0,0,0,1,0,1,1,0,1,0,1,1,0,1,0,1,1,1,1,1,1,0,0,0,1,1,1,1,1,1,3
1853,0,1,0,0,0,1,0,0,0,0,1,0,1,1,1,1,1,1,1,1,0,1,0,1,0,1,1,0,1,0,3
1854,0,0,1,0,0,0,0,1,1,0,1,1,1,1,1,1,1,1,1,0,0,1,0,1,0,1,0,0,1,0,3
1855,0,1,0,0,0,1,0,0,0,0,1,0,1,1,1,1,1,1,0,1,0,0,1,0,0,1,0,0,1,0,3
1856,1,1,0,0,0,0,0,1,1,0,1,1,1,1,1,1,1,1,1,1,1,0,0,0,0,0,1,0,1,0,3
1857,0,0,1,0,0,0,1,0,1,0,1,1,1,1,1,1,1,1,1,1,1,0,0,0,1,0,0,1,1,1,3
1858,0,0,0,1,0,1,1,0,1,0,1,1,0,1,0,1,1,1,1,1,1,0,0,0,1,1,1,1,1,1,3
1859,0,0,1,0,0,0,1,0,1,0,1,1,1,1,1,1,1,1,1,1,1,0,0,0,1,0,0,1,1,1,3
1860,0,1,0,0,0,1,0,0,1,0,0,1,1,1,1,1,1,1,1,1,0,0,1,0,0,1,0,0,1,0,3
1861,1,1,1,0,0,0,1,0,0,0,0,1,1,1,1,1,1,1,1,1,0,1,0,1,0,1,0,0,1,0,3
1862,0,0,0,1,0,1,1,0,1,0,1,1,1,0,1,0,1,1,1,1,1,0,0,0,0,1,1,1,1,1,3
1863,1,1,0,0,0,0,0,1,1,0,1,1,1,1,1,1,1,1,1,1,0,1,1,1,0,0,0,1,1,0,3
1864,1,0,1,0,0,1,0,0,0,0,1,0,0,1,0,1,1,1,1,1,0,1,0,1,0,1,1,0,1,0,3
1865,1,1,0,0,0,0,0,1,1,0,1,1,1,1,1,1,1,1,1,1,0,1,1,1,0,0,0,1,1,0,3
1866,1,1,1,0,0,0,1,0,1,0,1,1,1,1,1,1,1,1,1,1,1,0,0,0,0,0,1,0,1,0,3
1867,0,0,0,1,0,0,0,1,1,0,1,1,1,1,1,1,1,1,1,1,1,1,1,1,0,1,1,1,1,0,3
1868,1,1,1,0,0,0,1,0,1,0,1,1,1,1,1,1,1,1,1,1,1,0,0,0,0,0,1,0,1,0,3
1869,0,0,0,1,0,0,0,1,1,0,1,1,1,1,1,1,1,1,1,1,1,1,1,1,0,1,1,1,1,0,3
1870,0,1,0,0,0,0,0,1,1,0,1,1,1,1,1,1,1,1,1,1,0,0,1,0,0,0,1,0,1,0,3
1871,1,1,1,0,0,0,0,1,1,0,1,1,1,1,1,1,1,1,1,1,0,1,0,1,0,0,1,0,1,0,3
1872,1,1,1,0,0,0,1,0,0,0,0,1,1,1,1,1,1,1,1,1,0,1,0,1,0,0,1,0,1,0,3
1873,1,1,1,0,0,0,1,0,1,0,1,1,1,1,1,1,1,1,1,1,0,1,0,1,0,0,0,1,1,0,3
1874,1,0,0,0,0,1,0,0,1,0,0,1,1,1,1,1,1,1,1,1,0,1,1,1,0,1,1,0,1,0,3
1875,1,1,1,0,0,0,1,0,1,0,1,1,1,1,1,1,1,1,1,1,1,0,0,0,0,0,1,0,1,0,3
1876,0,0,0,1,0,1,1,0,1,0,1,1,1,0,1,0,1,1,1,1,1,0,0,0,0,1,1,1,1,1,3
1877,0,0,0,1,0,1,1,0,1,0,1,1,1,0,1,0,1,1,1,1,1,0,0,0,0,1,1,1,1,1,3
1878,1,1,1,0,1,1,0,1,0,1,0,0,0,1,0,0,1,1,1,1,0,1,0,1,0,1,1,1,1,0,3
1879,1,1,1,0,0,0,1,0,0,0,1,0,1,1,1,1,1,1,1,1,0,0,1,0,0,1,0,0,1,0,3
1880,1,1,0,0,0,0,0,1,1,0,1,1,1,1,1,1,1,1,1,1,0,1,1,1,0,0,0,1,1,0,3
1881,0,1,0,0,0,1,0,0,1,0,0,1,1,1,1,1,1,1,1,1,0,0,1,0,0,1,0,0,1,0,3
1882,1,0,1,0,0,1,0,0,0,0,1,0,1,0,1,0,1,1,1,1,0,0,1,0,0,0,1,0,1,0,3
1883,1,1,0,0,0,0,1,0,1,0,1,1,1,1,1,1,1,1,1,1,1,0,0,0,1,0,0,1,1,1,3
1884,1,1,1,0,0,0,1,0,0,0,1,0,1,1,1,1,1,1,1,1,0,0,1,0,0,0,1,0,1,0,3
1885,1,1,1,0,1,0,0,0,1,0,0,1,1,0,1,0,1,1,1,1,0,0,1,0,0,1,1,0,1,0,3
1886,0,1,0,0,0,1,0,0,0,0,1,0,1,1,1,1,1,1,1,0,0,0,1,0,0,1,0,0,1,0,3
